0.000000000000000000e+00 8.540000000000000000e+02
1.000000000000000000e+00 5.810000000000000000e+02
2.000000000000000000e+00 2.370000000000000000e+02
3.000000000000000000e+00 9.000000000000000000e+02
4.000000000000000000e+00 4.430000000000000000e+02
5.000000000000000000e+00 8.670000000000000000e+02
6.000000000000000000e+00 9.770000000000000000e+02
7.000000000000000000e+00 4.930000000000000000e+02
8.000000000000000000e+00 6.270000000000000000e+02
9.000000000000000000e+00 6.260000000000000000e+02
1.000000000000000000e+01 7.970000000000000000e+02
1.100000000000000000e+01 4.080000000000000000e+02
