1008 1279
1007 1278
1006 1277
1005 1276
1004 1275
1003 1274
1002 1273
1001 1272
1000 1271
999 1270
998 1269
997 1268
996 1267
995 1266
994 1265
993 1264
992 1263
991 1262
990 1261
989 1260
988 1259
987 1258
986 1257
985 1256
984 1255
983 1254
982 1253
981 1252
980 1251
979 1250
978 1249
977 1248
976 1247
975 1246
974 1245
973 1244
972 1243
971 1242
970 1241
969 1240
968 1239
967 1238
966 1237
965 1236
964 1235
963 1234
962 1233
961 1232
960 1231
959 1230
958 1229
957 1228
956 1227
955 1226
954 1225
953 1224
952 1223
951 1222
950 1221
949 1220
948 1219
947 1218
946 1217
945 1216
944 1215
943 1214
942 1213
941 1212
940 1211
939 1210
938 1209
937 1208
936 1207
935 1206
934 1205
933 1204
932 1203
931 1202
930 1201
929 1200
928 1199
927 1198
926 1197
925 1196
924 1195
923 1194
922 1193
921 1192
920 1191
919 1190
918 1189
917 1188
916 1187
915 1186
914 1185
913 1184
912 1183
911 1182
910 1181
909 1180
908 1179
907 1178
906 1177
905 1176
904 1175
903 1174
902 1173
901 1172
900 1171
899 1170
898 1169
897 1168
896 1167
895 1166
894 1165
893 1164
892 1163
891 1162
890 1161
889 1160
888 1159
887 1158
886 1157
885 1156
884 1155
883 1154
882 1153
881 1152
880 1151
879 1150
878 1149
877 1148
876 1147
875 1146
874 1145
873 1144
872 1143
871 1142
870 1141
869 1140
868 1139
867 1138
866 1137
865 1136
864 1135
863 1134
862 1133
861 1132
860 1131
859 1130
858 1129
857 1128
856 1127
855 1126
854 1125
853 1124
852 1123
851 1122
850 1121
849 1120
848 1119
847 1118
846 1117
845 1116
844 1115
843 1114
842 1113
841 1112
840 1111
839 1110
838 1109
837 1108
836 1107
835 1106
834 1105
833 1104
832 1103
831 1102
830 1101
829 1100
828 1099
827 1098
826 1097
825 1096
824 1095
823 1094
822 1093
821 1092
820 1091
819 1090
818 1089
817 1088
816 1087
815 1086
814 1085
813 1084
812 1083
811 1082
810 1081
809 1080
808 1079
807 1078
806 1077
805 1076
804 1075
803 1074
802 1073
801 1072
800 1071
799 1070
798 1069
797 1068
796 1067
795 1066
794 1065
793 1064
792 1063
791 1062
790 1061
789 1060
788 1059
787 1058
786 1057
785 1056
784 1055
783 1054
782 1053
781 1052
780 1051
779 1050
778 1049
777 1048
776 1047
775 1046
774 1045
773 1044
772 1043
771 1042
770 1041
769 1040
768 1039
767 1038
766 1037
765 1036
764 1035
763 1034
762 1033
761 1032
760 1031
759 1030
758 1029
757 1028
756 1027
755 1026
754 1025
753 1024
752 1023
751 1022
750 1021
749 1020
748 1019
747 1018
746 1017
745 1016
744 1015
743 1014
742 1013
741 1012
740 1011
739 1010
738 1009
737 1008
736 1007
735 1006
734 1005
733 1004
732 1003
731 1002
730 1001
729 1000
728 999
727 998
726 997
725 996
724 995
723 994
722 993
721 992
720 991
719 990
718 989
717 988
716 987
715 986
714 985
713 984
712 983
711 982
710 981
709 980
708 979
707 978
706 977
705 976
704 975
703 974
702 973
701 972
700 971
699 970
698 969
697 968
696 967
695 966
694 965
693 964
692 963
691 962
690 961
689 960
688 959
687 958
686 957
685 956
684 955
683 954
682 953
681 952
680 951
679 950
678 949
677 948
676 947
675 946
674 945
673 944
672 943
671 942
670 941
669 940
668 939
667 938
666 937
665 936
664 935
663 934
662 933
661 932
660 931
659 930
658 929
657 928
656 927
655 926
654 925
653 924
652 923
651 922
650 921
649 920
648 919
647 918
646 917
645 916
644 915
643 914
642 913
641 912
640 911
639 910
638 909
637 908
636 907
635 906
634 905
633 904
632 903
631 902
630 901
629 900
628 899
627 898
626 897
625 896
624 895
623 894
622 893
621 892
620 891
619 890
618 889
617 888
616 887
615 886
614 885
613 884
612 883
611 882
610 881
609 880
608 879
607 878
606 877
605 876
604 875
603 874
602 873
601 872
600 871
599 870
598 869
597 868
596 867
595 866
594 865
593 864
592 863
591 862
590 861
589 860
588 859
587 858
586 857
585 856
584 855
583 854
582 853
581 852
580 851
579 850
578 849
577 848
576 847
575 846
574 845
573 844
572 843
571 842
570 841
569 840
568 839
567 838
566 837
565 836
564 835
563 834
562 833
561 832
560 831
559 830
558 829
557 828
556 827
555 826
554 825
553 824
552 823
551 822
550 821
549 820
548 819
547 818
546 817
545 816
544 815
543 814
542 813
541 812
540 811
539 810
538 809
537 808
536 807
535 806
534 805
533 804
532 803
531 802
530 801
529 800
528 799
527 798
526 797
525 796
524 795
523 794
522 793
521 792
520 791
519 790
518 789
517 788
516 787
515 786
514 785
513 784
512 783
511 782
510 781
509 780
508 779
507 778
506 777
505 776
504 775
503 774
502 773
501 772
500 771
499 770
498 769
497 768
496 767
495 766
494 765
493 764
492 763
491 762
490 761
489 760
488 759
487 758
486 757
485 756
484 755
483 754
482 753
481 752
480 751
479 750
478 749
477 748
476 747
475 746
474 745
473 744
472 743
471 742
470 741
469 740
468 739
467 738
466 737
465 736
464 735
463 734
462 733
461 732
460 731
459 730
458 729
457 728
456 727
455 726
454 725
453 724
452 723
451 722
450 721
449 720
448 719
447 718
446 717
445 716
444 715
443 714
442 713
441 712
440 711
439 710
438 709
437 708
436 707
435 706
434 705
433 704
432 703
431 702
430 701
429 700
428 699
427 698
426 697
425 696
424 695
423 694
422 693
421 692
420 691
419 690
418 689
417 688
416 687
415 686
414 685
413 684
412 683
411 682
410 681
409 680
408 679
407 678
406 677
405 676
404 675
403 674
402 673
401 672
400 671
399 670
398 669
397 668
396 667
395 666
394 665
393 664
392 663
391 662
390 661
389 660
388 659
387 658
386 657
385 656
384 655
383 654
382 653
381 652
380 651
379 650
378 649
377 648
376 647
375 646
374 645
373 644
372 643
371 642
370 641
369 640
368 639
367 638
366 637
365 636
364 635
363 634
362 633
361 632
360 631
359 630
358 629
357 628
356 627
355 626
354 625
353 624
352 623
351 622
350 621
349 620
348 619
347 618
346 617
345 616
344 615
343 614
342 613
341 612
340 611
339 610
338 609
337 608
336 607
335 606
334 605
333 604
332 603
331 602
330 601
329 600
328 599
327 598
326 597
325 596
324 595
323 594
322 593
321 592
320 591
319 590
318 589
317 588
316 587
315 586
314 585
313 584
312 583
311 582
310 581
309 580
308 579
307 578
306 577
305 576
304 575
303 574
302 573
301 572
300 571
299 570
298 569
297 568
296 567
295 566
294 565
293 564
292 563
291 562
290 561
289 560
288 559
287 558
286 557
285 556
284 555
283 554
282 553
281 552
280 551
279 550
278 549
277 548
276 547
275 546
274 545
273 544
272 543
271 542
270 541
269 540
268 539
267 538
266 537
265 536
264 535
263 534
262 533
261 532
260 531
259 530
258 529
257 528
256 527
255 526
254 525
253 524
252 523
251 522
250 521
249 520
248 519
247 518
246 517
245 516
244 515
243 514
242 513
241 512
240 511
239 510
238 509
237 508
236 507
235 506
234 505
233 504
232 503
231 502
230 501
229 500
228 499
227 498
226 497
225 496
224 495
223 494
222 493
221 492
220 491
219 490
218 489
217 488
216 487
215 486
214 485
213 484
212 483
211 482
210 481
209 480
208 479
207 478
206 477
205 476
204 475
203 474
202 473
201 472
200 471
199 470
198 469
197 468
196 467
195 466
194 465
193 464
192 463
191 462
190 461
189 460
188 459
187 458
186 457
185 456
184 455
183 454
182 453
181 452
180 451
179 450
178 449
177 448
176 447
175 446
174 445
173 444
172 443
171 442
170 441
169 440
168 439
167 438
166 437
165 436
164 435
163 434
162 433
161 432
160 431
159 430
158 429
157 428
156 427
155 426
154 425
153 424
152 423
151 422
150 421
149 420
148 419
147 418
146 417
145 416
144 415
143 414
142 413
141 412
140 411
139 410
138 409
137 408
136 407
135 406
134 405
133 404
132 403
131 402
130 401
129 400
128 399
127 398
126 397
125 396
124 395
123 394
122 393
121 392
120 391
119 390
118 389
117 388
116 387
115 386
114 385
113 384
112 383
111 382
110 381
109 380
108 379
107 378
106 377
105 376
104 375
103 374
102 373
101 372
100 371
99 370
98 369
97 368
96 367
95 366
94 365
93 364
92 363
91 362
90 361
89 360
88 359
87 358
86 357
85 356
84 355
83 354
82 353
81 352
80 351
79 350
78 349
77 348
76 347
75 346
74 345
73 344
72 343
71 342
70 341
69 340
68 339
67 338
66 337
65 336
64 335
63 334
62 333
61 332
60 331
59 330
58 329
57 328
56 327
55 326
54 325
53 324
52 323
51 322
50 321
49 320
48 319
47 318
46 317
45 316
44 315
43 314
42 313
41 312
40 311
39 310
38 309
37 308
36 307
35 306
34 305
33 304
32 303
31 302
30 301
29 300
28 299
27 298
26 297
25 296
24 295
23 294
22 293
21 292
20 291
19 290
18 289
17 288
16 287
15 286
14 285
13 284
12 283
11 282
10 281
9 280
8 279
7 278
6 277
5 276
4 275
3 274
2 273
1 272
0 271
2290 270
2289 269
2288 268
2287 267
2286 266
2285 265
2284 264
2283 263
2282 262
2281 261
2280 260
2279 259
2278 258
2277 257
2276 256
2275 255
2274 254
2273 253
2272 252
2271 251
2270 250
2269 249
2268 248
2267 247
2266 246
2265 245
2264 244
2263 243
2262 242
2261 241
2260 240
2259 239
2258 238
2257 237
2256 236
2255 235
2254 234
2253 233
2252 232
2251 231
2250 230
2249 229
2248 228
2247 227
2246 226
2245 225
2244 224
2243 223
2242 222
2241 221
2240 220
2239 219
2238 218
2237 217
2236 216
2235 215
2234 214
2233 213
2232 212
2231 211
2230 210
2229 209
2228 208
2227 207
2226 206
2225 205
2224 204
2223 203
2222 202
2221 201
2220 200
2219 199
2218 198
2217 197
2216 196
2215 195
2214 194
2213 193
2212 192
2211 191
2210 190
2209 189
2208 188
2207 187
2206 186
2205 185
2204 184
2203 183
2202 182
2201 181
2200 180
2199 179
2198 178
2197 177
2196 176
2195 175
2194 174
2193 173
2192 172
2191 171
2190 170
2189 169
2188 168
2187 167
2186 166
2185 165
2184 164
2183 163
2182 162
2181 161
2180 160
2179 159
2178 158
2177 157
2176 156
2175 155
2174 154
2173 153
2172 152
2171 151
2170 150
2169 149
2168 148
2167 147
2166 146
2165 145
2164 144
2163 143
2162 142
2161 141
2160 140
2159 139
2158 138
2157 137
2156 136
2155 135
2154 134
2153 133
2152 132
2151 131
2150 130
2149 129
2148 128
2147 127
2146 126
2145 125
2144 124
2143 123
2142 122
2141 121
2140 120
2139 119
2138 118
2137 117
2136 116
2135 115
2134 114
2133 113
2132 112
2131 111
2130 110
2129 109
2128 108
2127 107
2126 106
2125 105
2124 104
2123 103
2122 102
2121 101
2120 100
2119 99
2118 98
2117 97
2116 96
2115 95
2114 94
2113 93
2112 92
2111 91
2110 90
2109 89
2108 88
2107 87
2106 86
2105 85
2104 84
2103 83
2102 82
2101 81
2100 80
2099 79
2098 78
2097 77
2096 76
2095 75
2094 74
2093 73
2092 72
2091 71
2090 70
2089 69
2088 68
2087 67
2086 66
2085 65
2084 64
2083 63
2082 62
2081 61
2080 60
2079 59
2078 58
2077 57
2076 56
2075 55
2074 54
2073 53
2072 52
2071 51
2070 50
2069 49
2068 48
2067 47
2066 46
2065 45
2064 44
2063 43
2062 42
2061 41
2060 40
2059 39
2058 38
2057 37
2056 36
2055 35
2054 34
2053 33
2052 32
2051 31
2050 30
2049 29
2048 28
2047 27
2046 26
2045 25
2044 24
2043 23
2042 22
2041 21
2040 20
2039 19
2038 18
2037 17
2036 16
2035 15
2034 14
2033 13
2032 12
2031 11
2030 10
2029 9
2028 8
2027 7
2026 6
2025 5
2024 4
2023 3
2022 2
2021 1
2020 0
2019 2279
2018 2278
2017 2277
2016 2276
2015 2275
2014 2274
2013 2273
2012 2272
2011 2271
2010 2270
2009 2269
2008 2268
2007 2267
2006 2266
2005 2265
2004 2264
2003 2263
2002 2262
2001 2261
2000 2260
1999 2259
1998 2258
1997 2257
1996 2256
1995 2255
1994 2254
1993 2253
1992 2252
1991 2251
1990 2250
1989 2249
1988 2248
1987 2247
1986 2246
1985 2245
1984 2244
1983 2243
1982 2242
1981 2241
1980 2240
1979 2239
1978 2238
1977 2237
1976 2236
1975 2235
1974 2234
1973 2233
1972 2232
1971 2231
1970 2230
1969 2229
1968 2228
1967 2227
1966 2226
1965 2225
1964 2224
1963 2223
1962 2222
1961 2221
1960 2220
1959 2219
1958 2218
1957 2217
1956 2216
1955 2215
1954 2214
1953 2213
1952 2212
1951 2211
1950 2210
1949 2209
1948 2208
1947 2207
1946 2206
1945 2205
1944 2204
1943 2203
1942 2202
1941 2201
1940 2200
1939 2199
1938 2198
1937 2197
1936 2196
1935 2195
1934 2194
1933 2193
1932 2192
1931 2191
1930 2190
1929 2189
1928 2188
1927 2187
1926 2186
1925 2185
1924 2184
1923 2183
1922 2182
1921 2181
1920 2180
1919 2179
1918 2178
1917 2177
1916 2176
1915 2175
1914 2174
1913 2173
1912 2172
1911 2171
1910 2170
1909 2169
1908 2168
1907 2167
1906 2166
1905 2165
1904 2164
1903 2163
1902 2162
1901 2161
1900 2160
1899 2159
1898 2158
1897 2157
1896 2156
1895 2155
1894 2154
1893 2153
1892 2152
1891 2151
1890 2150
1889 2149
1888 2148
1887 2147
1886 2146
1885 2145
1884 2144
1883 2143
1882 2142
1881 2141
1880 2140
1879 2139
1878 2138
1877 2137
1876 2136
1875 2135
1874 2134
1873 2133
1872 2132
1871 2131
1870 2130
1869 2129
1868 2128
1867 2127
1866 2126
1865 2125
1864 2124
1863 2123
1862 2122
1861 2121
1860 2120
1859 2119
1858 2118
1857 2117
1856 2116
1855 2115
1854 2114
1853 2113
1852 2112
1851 2111
1850 2110
1849 2109
1848 2108
1847 2107
1846 2106
1845 2105
1844 2104
1843 2103
1842 2102
1841 2101
1840 2100
1839 2099
1838 2098
1837 2097
1836 2096
1835 2095
1834 2094
1833 2093
1832 2092
1831 2091
1830 2090
1829 2089
1828 2088
1827 2087
1826 2086
1825 2085
1824 2084
1823 2083
1822 2082
1821 2081
1820 2080
1819 2079
1818 2078
1817 2077
1816 2076
1815 2075
1814 2074
1813 2073
1812 2072
1811 2071
1810 2070
1809 2069
1808 2068
1807 2067
1806 2066
1805 2065
1804 2064
1803 2063
1802 2062
1801 2061
1800 2060
1799 2059
1798 2058
1797 2057
1796 2056
1795 2055
1794 2054
1793 2053
1792 2052
1791 2051
1790 2050
1789 2049
1788 2048
1787 2047
1786 2046
1785 2045
1784 2044
1783 2043
1782 2042
1781 2041
1780 2040
1779 2039
1778 2038
1777 2037
1776 2036
1775 2035
1774 2034
1773 2033
1772 2032
1771 2031
1770 2030
1769 2029
1768 2028
1767 2027
1766 2026
1765 2025
1764 2024
1763 2023
1762 2022
1761 2021
1760 2020
1759 2019
1758 2018
1757 2017
1756 2016
1755 2015
1754 2014
1753 2013
1752 2012
1751 2011
1750 2010
1749 2009
1748 2008
1747 2007
1746 2006
1745 2005
1744 2004
1743 2003
1742 2002
1741 2001
1740 2000
1739 1999
1738 1998
1737 1997
1736 1996
1735 1995
1734 1994
1733 1993
1732 1992
1731 1991
1730 1990
1729 1989
1728 1988
1727 1987
1726 1986
1725 1985
1724 1984
1723 1983
1722 1982
1721 1981
1720 1980
1719 1979
1718 1978
1717 1977
1716 1976
1715 1975
1714 1974
1713 1973
1712 1972
1711 1971
1710 1970
1709 1969
1708 1968
1707 1967
1706 1966
1705 1965
1704 1964
1703 1963
1702 1962
1701 1961
1700 1960
1699 1959
1698 1958
1697 1957
1696 1956
1695 1955
1694 1954
1693 1953
1692 1952
1691 1951
1690 1950
1689 1949
1688 1948
1687 1947
1686 1946
1685 1945
1684 1944
1683 1943
1682 1942
1681 1941
1680 1940
1679 1939
1678 1938
1677 1937
1676 1936
1675 1935
1674 1934
1673 1933
1672 1932
1671 1931
1670 1930
1669 1929
1668 1928
1667 1927
1666 1926
1665 1925
1664 1924
1663 1923
1662 1922
1661 1921
1660 1920
1659 1919
1658 1918
1657 1917
1656 1916
1655 1915
1654 1914
1653 1913
1652 1912
1651 1911
1650 1910
1649 1909
1648 1908
1647 1907
1646 1906
1645 1905
1644 1904
1643 1903
1642 1902
1641 1901
1640 1900
1639 1899
1638 1898
1637 1897
1636 1896
1635 1895
1634 1894
1633 1893
1632 1892
1631 1891
1630 1890
1629 1889
1628 1888
1627 1887
1626 1886
1625 1885
1624 1884
1623 1883
1622 1882
1621 1881
1620 1880
1619 1879
1618 1878
1617 1877
1616 1876
1615 1875
1614 1874
1613 1873
1612 1872
1611 1871
1610 1870
1609 1869
1608 1868
1607 1867
1606 1866
1605 1865
1604 1864
1603 1863
1602 1862
1601 1861
1600 1860
1599 1859
1598 1858
1597 1857
1596 1856
1595 1855
1594 1854
1593 1853
1592 1852
1591 1851
1590 1850
1589 1849
1588 1848
1587 1847
1586 1846
1585 1845
1584 1844
1583 1843
1582 1842
1581 1841
1580 1840
1579 1839
1578 1838
1577 1837
1576 1836
1575 1835
1574 1834
1573 1833
1572 1832
1571 1831
1570 1830
1569 1829
1568 1828
1567 1827
1566 1826
1565 1825
1564 1824
1563 1823
1562 1822
1561 1821
1560 1820
1559 1819
1558 1818
1557 1817
1556 1816
1555 1815
1554 1814
1553 1813
1552 1812
1551 1811
1550 1810
1549 1809
1548 1808
1547 1807
1546 1806
1545 1805
1544 1804
1543 1803
1542 1802
1541 1801
1540 1800
1539 1799
1538 1798
1537 1797
1536 1796
1535 1795
1534 1794
1533 1793
1532 1792
1531 1791
1530 1790
1529 1789
1528 1788
1527 1787
1526 1786
1525 1785
1524 1784
1523 1783
1522 1782
1521 1781
1520 1780
1519 1779
1518 1778
1517 1777
1516 1776
1515 1775
1514 1774
1513 1773
1512 1772
1511 1771
1510 1770
1509 1769
1508 1768
1507 1767
1506 1766
1505 1765
1504 1764
1503 1763
1502 1762
1501 1761
1500 1760
1499 1759
1498 1758
1497 1757
1496 1756
1495 1755
1494 1754
1493 1753
1492 1752
1491 1751
1490 1750
1489 1749
1488 1748
1487 1747
1486 1746
1485 1745
1484 1744
1483 1743
1482 1742
1481 1741
1480 1740
1479 1739
1478 1738
1477 1737
1476 1736
1475 1735
1474 1734
1473 1733
1472 1732
1471 1731
1470 1730
1469 1729
1468 1728
1467 1727
1466 1726
1465 1725
1464 1724
1463 1723
1462 1722
1461 1721
1460 1720
1459 1719
1458 1718
1457 1717
1456 1716
1455 1715
1454 1714
1453 1713
1452 1712
1451 1711
1450 1710
1449 1709
1448 1708
1447 1707
1446 1706
1445 1705
1444 1704
1443 1703
1442 1702
1441 1701
1440 1700
1439 1699
1438 1698
1437 1697
1436 1696
1435 1695
1434 1694
1433 1693
1432 1692
1431 1691
1430 1690
1429 1689
1428 1688
1427 1687
1426 1686
1425 1685
1424 1684
1423 1683
1422 1682
1421 1681
1420 1680
1419 1679
1418 1678
1417 1677
1416 1676
1415 1675
1414 1674
1413 1673
1412 1672
1411 1671
1410 1670
1409 1669
1408 1668
1407 1667
1406 1666
1405 1665
1404 1664
1403 1663
1402 1662
1401 1661
1400 1660
1399 1659
1398 1658
1397 1657
1396 1656
1395 1655
1394 1654
1393 1653
1392 1652
1391 1651
1390 1650
1389 1649
1388 1648
1387 1647
1386 1646
1385 1645
1384 1644
1383 1643
1382 1642
1381 1641
1380 1640
1379 1639
1378 1638
1377 1637
1376 1636
1375 1635
1374 1634
1373 1633
1372 1632
1371 1631
1370 1630
1369 1629
1368 1628
1367 1627
1366 1626
1365 1625
1364 1624
1363 1623
1362 1622
1361 1621
1360 1620
1359 1619
1358 1618
1357 1617
1356 1616
1355 1615
1354 1614
1353 1613
1352 1612
1351 1611
1350 1610
1349 1609
1348 1608
1347 1607
1346 1606
1345 1605
1344 1604
1343 1603
1342 1602
1341 1601
1340 1600
1339 1599
1338 1598
1337 1597
1336 1596
1335 1595
1334 1594
1333 1593
1332 1592
1331 1591
1330 1590
1329 1589
1328 1588
1327 1587
1326 1586
1325 1585
1324 1584
1323 1583
1322 1582
1321 1581
1320 1580
1319 1579
1318 1578
1317 1577
1316 1576
1315 1575
1314 1574
1313 1573
1312 1572
1311 1571
1310 1570
1309 1569
1308 1568
1307 1567
1306 1566
1305 1565
1304 1564
1303 1563
1302 1562
1301 1561
1300 1560
1299 1559
1298 1558
1297 1557
1296 1556
1295 1555
1294 1554
1293 1553
1292 1552
1291 1551
1290 1550
1289 1549
1288 1548
1287 1547
1286 1546
1285 1545
1284 1544
1283 1543
1282 1542
1281 1541
1280 1540
1279 1539
1278 1538
1277 1537
1276 1536
1275 1535
1274 1534
1273 1533
1272 1532
1271 1531
1270 1530
1269 1529
1268 1528
1267 1527
1266 1526
1265 1525
1264 1524
1263 1523
1262 1522
1261 1521
1260 1520
1259 1519
1258 1518
1257 1517
1256 1516
1255 1515
1254 1514
1253 1513
1252 1512
1251 1511
1250 1510
1249 1509
1248 1508
1247 1507
1246 1506
1245 1505
1244 1504
1243 1503
1242 1502
1241 1501
1240 1500
1239 1499
1238 1498
1237 1497
1236 1496
1235 1495
1234 1494
1233 1493
1232 1492
1231 1491
1230 1490
1229 1489
1228 1488
1227 1487
1226 1486
1225 1485
1224 1484
1223 1483
1222 1482
1221 1481
1220 1480
1219 1479
1218 1478
1217 1477
1216 1476
1215 1475
1214 1474
1213 1473
1212 1472
1211 1471
1210 1470
1209 1469
1208 1468
1207 1467
1206 1466
1205 1465
1204 1464
1203 1463
1202 1462
1201 1461
1200 1460
1199 1459
1198 1458
1197 1457
1196 1456
1195 1455
1194 1454
1193 1453
1192 1452
1191 1451
1190 1450
1189 1449
1188 1448
1187 1447
1186 1446
1185 1445
1184 1444
1183 1443
1182 1442
1181 1441
1180 1440
1179 1439
1178 1438
1177 1437
1176 1436
1175 1435
1174 1434
1173 1433
1172 1432
1171 1431
1170 1430
1169 1429
1168 1428
1167 1427
1166 1426
1165 1425
1164 1424
1163 1423
1162 1422
1161 1421
1160 1420
1159 1419
1158 1418
1157 1417
1156 1416
1155 1415
1154 1414
1153 1413
1152 1412
1151 1411
1150 1410
1149 1409
1148 1408
1147 1407
1146 1406
1145 1405
1144 1404
1143 1403
1142 1402
1141 1401
1140 1400
1139 1399
1138 1398
1137 1397
1136 1396
1135 1395
1134 1394
1133 1393
1132 1392
1131 1391
1130 1390
1129 1389
1128 1388
1127 1387
1126 1386
1125 1385
1124 1384
1123 1383
1122 1382
1121 1381
1120 1380
1119 1379
1118 1378
1117 1377
1116 1376
1115 1375
1114 1374
1113 1373
1112 1372
1111 1371
1110 1370
1109 1369
1108 1368
1107 1367
1106 1366
1105 1365
1104 1364
1103 1363
1102 1362
1101 1361
1100 1360
1099 1359
1098 1358
1097 1357
1096 1356
1095 1355
1094 1354
1093 1353
1092 1352
1091 1351
1090 1350
1089 1349
1088 1348
1087 1347
1086 1346
1085 1345
1084 1344
1083 1343
1082 1342
1081 1341
1080 1340
1079 1339
1078 1338
1077 1337
1076 1336
1075 1335
1074 1334
1073 1333
1072 1332
1071 1331
1070 1330
1069 1329
1068 1328
1067 1327
1066 1326
1065 1325
1064 1324
1063 1323
1062 1322
1061 1321
1060 1320
1059 1319
1058 1318
1057 1317
1056 1316
1055 1315
1054 1314
1053 1313
1052 1312
1051 1311
1050 1310
1049 1309
1048 1308
1047 1307
1046 1306
1045 1305
1044 1304
1043 1303
1042 1302
1041 1301
1040 1300
1039 1299
1038 1298
1037 1297
1036 1296
1035 1295
1034 1294
1033 1293
1032 1292
1031 1291
1030 1290
1029 1289
1028 1288
1027 1287
1026 1286
1025 1285
1024 1284
1023 1283
1022 1282
1021 1281
1020 1280
1019 1279
1018 1278
1017 1277
1016 1276
1015 1275
1014 1274
1013 1273
1012 1272
1011 1271
1010 1270
1009 1269
1008 1268
1007 1267
1006 1266
1005 1265
1004 1264
1003 1263
1002 1262
1001 1261
1000 1260
999 1259
998 1258
997 1257
996 1256
995 1255
994 1254
993 1253
992 1252
991 1251
990 1250
989 1249
988 1248
987 1247
986 1246
985 1245
984 1244
983 1243
982 1242
981 1241
980 1240
979 1239
978 1238
977 1237
976 1236
975 1235
974 1234
973 1233
972 1232
971 1231
970 1230
969 1229
968 1228
967 1227
966 1226
965 1225
964 1224
963 1223
962 1222
961 1221
960 1220
959 1219
958 1218
957 1217
956 1216
955 1215
954 1214
953 1213
952 1212
951 1211
950 1210
949 1209
948 1208
947 1207
946 1206
945 1205
944 1204
943 1203
942 1202
941 1201
940 1200
939 1199
938 1198
937 1197
936 1196
935 1195
934 1194
933 1193
932 1192
931 1191
930 1190
929 1189
928 1188
927 1187
926 1186
925 1185
924 1184
923 1183
922 1182
921 1181
920 1180
919 1179
918 1178
917 1177
916 1176
915 1175
914 1174
913 1173
912 1172
911 1171
910 1170
909 1169
908 1168
907 1167
906 1166
905 1165
904 1164
903 1163
902 1162
901 1161
900 1160
899 1159
898 1158
897 1157
896 1156
895 1155
894 1154
893 1153
892 1152
891 1151
890 1150
889 1149
888 1148
887 1147
886 1146
885 1145
884 1144
883 1143
882 1142
881 1141
880 1140
879 1139
878 1138
877 1137
876 1136
875 1135
874 1134
873 1133
872 1132
871 1131
870 1130
869 1129
868 1128
867 1127
866 1126
865 1125
864 1124
863 1123
862 1122
861 1121
860 1120
859 1119
858 1118
857 1117
856 1116
855 1115
854 1114
853 1113
852 1112
851 1111
850 1110
849 1109
848 1108
847 1107
846 1106
845 1105
844 1104
843 1103
842 1102
841 1101
840 1100
839 1099
838 1098
837 1097
836 1096
835 1095
834 1094
833 1093
832 1092
831 1091
830 1090
829 1089
828 1088
827 1087
826 1086
825 1085
824 1084
823 1083
822 1082
821 1081
820 1080
819 1079
818 1078
817 1077
816 1076
815 1075
814 1074
813 1073
812 1072
811 1071
810 1070
809 1069
808 1068
807 1067
806 1066
805 1065
804 1064
803 1063
802 1062
801 1061
800 1060
799 1059
798 1058
797 1057
796 1056
795 1055
794 1054
793 1053
792 1052
791 1051
790 1050
789 1049
788 1048
787 1047
786 1046
785 1045
784 1044
783 1043
782 1042
781 1041
780 1040
779 1039
778 1038
777 1037
776 1036
775 1035
774 1034
773 1033
772 1032
771 1031
770 1030
769 1029
768 1028
767 1027
766 1026
765 1025
764 1024
763 1023
762 1022
761 1021
760 1020
759 1019
758 1018
757 1017
756 1016
755 1015
754 1014
753 1013
752 1012
751 1011
750 1010
749 1009
748 1008
747 1007
746 1006
745 1005
744 1004
743 1003
742 1002
741 1001
740 1000
739 999
738 998
737 997
736 996
735 995
734 994
733 993
732 992
731 991
730 990
729 989
728 988
727 987
726 986
725 985
724 984
723 983
722 982
721 981
720 980
719 979
718 978
717 977
716 976
715 975
714 974
713 973
712 972
711 971
710 970
709 969
708 968
707 967
706 966
705 965
704 964
703 963
702 962
701 961
700 960
699 959
698 958
697 957
696 956
695 955
694 954
693 953
692 952
691 951
690 950
689 949
688 948
687 947
686 946
685 945
684 944
683 943
682 942
681 941
680 940
679 939
678 938
677 937
676 936
675 935
674 934
673 933
672 932
671 931
670 930
669 929
668 928
667 927
666 926
665 925
664 924
663 923
662 922
661 921
660 920
659 919
658 918
657 917
656 916
655 915
654 914
653 913
652 912
651 911
650 910
649 909
648 908
647 907
646 906
645 905
644 904
643 903
642 902
641 901
640 900
639 899
638 898
637 897
636 896
635 895
634 894
633 893
632 892
631 891
630 890
629 889
628 888
627 887
626 886
625 885
624 884
623 883
622 882
621 881
620 880
619 879
618 878
617 877
616 876
615 875
614 874
613 873
612 872
611 871
610 870
609 869
608 868
607 867
606 866
605 865
604 864
603 863
602 862
601 861
600 860
599 859
598 858
597 857
596 856
595 855
594 854
593 853
592 852
591 851
590 850
589 849
588 848
587 847
586 846
585 845
584 844
583 843
582 842
581 841
580 840
579 839
578 838
577 837
576 836
575 835
574 834
573 833
572 832
571 831
570 830
569 829
568 828
567 827
566 826
565 825
564 824
563 823
562 822
561 821
560 820
559 819
558 818
557 817
556 816
555 815
554 814
553 813
552 812
551 811
550 810
549 809
548 808
547 807
546 806
545 805
544 804
543 803
542 802
541 801
540 800
539 799
538 798
537 797
536 796
535 795
534 794
533 793
532 792
531 791
530 790
529 789
528 788
527 787
526 786
525 785
524 784
523 783
522 782
521 781
520 780
519 779
518 778
517 777
516 776
515 775
514 774
513 773
512 772
511 771
510 770
509 769
508 768
507 767
506 766
505 765
504 764
503 763
502 762
501 761
500 760
499 759
498 758
497 757
496 756
495 755
494 754
493 753
492 752
491 751
490 750
489 749
488 748
487 747
486 746
485 745
484 744
483 743
482 742
481 741
480 740
479 739
478 738
477 737
476 736
475 735
474 734
473 733
472 732
471 731
470 730
469 729
468 728
467 727
466 726
465 725
464 724
463 723
462 722
461 721
460 720
459 719
458 718
457 717
456 716
455 715
454 714
453 713
452 712
451 711
450 710
449 709
448 708
447 707
446 706
445 705
444 704
443 703
442 702
441 701
440 700
439 699
438 698
437 697
436 696
435 695
434 694
433 693
432 692
431 691
430 690
429 689
428 688
427 687
426 686
425 685
424 684
423 683
422 682
421 681
420 680
419 679
418 678
417 677
416 676
415 675
414 674
413 673
412 672
411 671
410 670
409 669
408 668
407 667
406 666
405 665
404 664
403 663
402 662
401 661
400 660
399 659
398 658
397 657
396 656
395 655
394 654
393 653
392 652
391 651
390 650
389 649
388 648
387 647
386 646
385 645
384 644
383 643
382 642
381 641
380 640
379 639
378 638
377 637
376 636
375 635
374 634
373 633
372 632
371 631
370 630
369 629
368 628
367 627
366 626
365 625
364 624
363 623
362 622
361 621
360 620
359 619
358 618
357 617
356 616
355 615
354 614
353 613
352 612
351 611
350 610
349 609
348 608
347 607
346 606
345 605
344 604
343 603
342 602
341 601
340 600
339 599
338 598
337 597
336 596
335 595
334 594
333 593
332 592
331 591
330 590
329 589
328 588
327 587
326 586
325 585
324 584
323 583
322 582
321 581
320 580
319 579
318 578
317 577
316 576
315 575
314 574
313 573
312 572
311 571
310 570
309 569
308 568
307 567
306 566
305 565
304 564
303 563
302 562
301 561
300 560
299 559
298 558
297 557
296 556
295 555
294 554
293 553
292 552
291 551
290 550
289 549
288 548
287 547
286 546
285 545
284 544
283 543
282 542
281 541
280 540
279 539
278 538
277 537
276 536
275 535
274 534
273 533
272 532
271 531
270 530
269 529
268 528
267 527
266 526
265 525
264 524
263 523
262 522
261 521
260 520
259 519
258 518
257 517
256 516
255 515
254 514
253 513
252 512
251 511
250 510
249 509
248 508
247 507
246 506
245 505
244 504
243 503
242 502
241 501
240 500
239 499
238 498
237 497
236 496
235 495
234 494
233 493
232 492
231 491
230 490
229 489
228 488
227 487
226 486
225 485
224 484
223 483
222 482
221 481
220 480
219 479
218 478
217 477
216 476
215 475
214 474
213 473
212 472
211 471
210 470
209 469
208 468
207 467
206 466
205 465
204 464
203 463
202 462
201 461
200 460
199 459
198 458
197 457
196 456
195 455
194 454
193 453
192 452
191 451
190 450
189 449
188 448
187 447
186 446
185 445
184 444
183 443
182 442
181 441
180 440
179 439
178 438
177 437
176 436
175 435
174 434
173 433
172 432
171 431
170 430
169 429
168 428
167 427
166 426
165 425
164 424
163 423
162 422
161 421
160 420
159 419
158 418
157 417
156 416
155 415
154 414
153 413
152 412
151 411
150 410
149 409
148 408
147 407
146 406
145 405
144 404
143 403
142 402
141 401
140 400
139 399
138 398
137 397
136 396
135 395
134 394
133 393
132 392
131 391
130 390
129 389
128 388
127 387
126 386
125 385
124 384
123 383
122 382
121 381
120 380
119 379
118 378
117 377
116 376
115 375
114 374
113 373
112 372
111 371
110 370
109 369
108 368
107 367
106 366
105 365
104 364
103 363
102 362
101 361
100 360
99 359
98 358
97 357
96 356
95 355
94 354
93 353
92 352
91 351
90 350
89 349
88 348
87 347
86 346
85 345
84 344
83 343
82 342
81 341
80 340
79 339
78 338
77 337
76 336
75 335
74 334
73 333
72 332
71 331
70 330
69 329
68 328
67 327
66 326
65 325
64 324
63 323
62 322
61 321
60 320
59 319
58 318
57 317
56 316
55 315
54 314
53 313
52 312
51 311
50 310
49 309
48 308
47 307
46 306
45 305
44 304
43 303
42 302
41 301
40 300
39 299
38 298
37 297
36 296
35 295
34 294
33 293
32 292
31 291
30 290
29 289
28 288
27 287
26 286
25 285
24 284
23 283
22 282
21 281
20 280
19 279
18 278
17 277
16 276
15 275
14 274
13 273
12 272
11 271
10 270
9 269
8 268
7 267
6 266
5 265
4 264
3 263
2 262
1 261
0 260
1000 259
1000 258
1000 257
1000 256
1000 255
1000 254
1000 253
1000 252
1000 251
1000 250
1000 249
1000 248
1000 247
1000 246
1000 245
1000 244
1000 243
1000 242
1000 241
1000 240
1000 239
1000 238
1000 237
1000 236
1000 235
1000 234
1000 233
1000 232
1000 231
1000 230
1000 229
1000 228
1000 227
1000 226
1000 225
1000 224
1000 223
1000 222
1000 221
1000 220
1000 219
1000 218
1000 217
1000 216
1000 215
1000 214
1000 213
1000 212
1000 211
1000 210
1000 209
1000 208
1000 207
1000 206
1000 205
1000 204
1000 203
1000 202
1000 201
1000 200
1000 199
1000 198
1000 197
1000 196
1000 195
1000 194
1000 193
1000 192
1000 191
1000 190
1000 189
1000 188
1000 187
1000 186
1000 185
1000 184
1000 183
1000 182
1000 181
1000 180
1000 179
1000 178
1000 177
1000 176
1000 175
1000 174
1000 173
1000 172
1000 171
1000 170
1000 169
1000 168
1000 167
1000 166
1000 165
1000 164
1000 163
1000 162
1000 161
1000 160
1000 159
1000 158
1000 157
1000 156
1000 155
1000 154
1000 153
1000 152
1000 151
1000 150
1000 149
1000 148
1000 147
1000 146
1000 145
1000 144
1000 143
1000 142
1000 141
1000 140
1000 139
1000 138
1000 137
1000 136
1000 135
1000 134
1000 133
1000 132
1000 131
1000 130
1000 129
1000 128
1000 127
1000 126
1000 125
1000 124
1000 123
1000 122
1000 121
1000 120
1000 119
1000 118
1000 117
1000 116
1000 115
1000 114
1000 113
1000 112
1000 111
1000 110
1000 109
1000 108
1000 107
1000 106
1000 105
1000 104
1000 103
1000 102
1000 101
1000 100
1000 99
1000 98
1000 97
1000 96
1000 95
1000 94
1000 93
1000 92
1000 91
1000 90
1000 89
1000 88
1000 87
1000 86
1000 85
1000 84
1000 83
1000 82
1000 81
1000 80
1000 79
1000 78
1000 77
1000 76
1000 75
1000 74
1000 73
1000 72
1000 71
1000 70
1000 69
1000 68
1000 67
1000 66
1000 65
1000 64
1000 63
1000 62
1000 61
1000 60
1000 59
1000 58
1000 57
1000 56
1000 55
1000 54
1000 53
1000 52
1000 51
1000 50
1000 49
1000 48
1000 47
1000 46
1000 45
1000 44
1000 43
1000 42
1000 41
1000 40
1000 39
1000 38
1000 37
1000 36
1000 35
1000 34
1000 33
1000 32
1000 31
1000 30
1000 29
1000 28
1000 27
1000 26
1000 25
1000 24
1000 23
1000 22
1000 21
1000 20
1000 19
1000 18
1000 17
1000 16
1000 15
1000 14
1000 13
1000 12
1000 11
1000 10
1000 9
1000 8
1000 7
1000 6
1000 5
1000 4
1000 3
1000 2
1000 1
1000 0
1000 1000
1000 1000
1000 1000
1000 1000
1000 1000
1000 1000
1000 1000
1000 1000
1000 1000
1000 1000
1000 1000
1000 1000
1000 1000
1000 1000
1000 1000
1000 1000
1000 1000
1000 1000
1000 1000
1000 1000
1000 1000
1000 1000
1000 1000
1000 1000
1000 1000
1000 1000
1000 1000
1000 1000
1000 1000
1000 1000
1000 1000
1000 1000
1000 1000
1000 1000
1000 1000
1000 1000
1000 1000
1000 1000
1000 1000
1000 1000
1000 1000
1000 1000
1000 1000
1000 1000
1000 1000
1000 1000
1000 1000
1000 1000
1000 1000
1000 1000
1000 1000
1000 1000
1000 1000
1000 1000
1000 1000
1000 1000
1000 1000
1000 1000
1000 1000
1000 1000
1000 1000
1000 1000
1000 1000
1000 1000
1000 1000
1000 1000
1000 1000
1000 1000
1000 1000
1000 1000
1000 1000
1000 1000
1000 1000
1000 1000
1000 1000
1000 1000
1000 1000
1000 1000
1000 1000
1000 1000
1000 1000
1000 1000
1000 1000
1000 1000
1000 1000
1000 1000
1000 1000
1000 1000
1000 1000
1000 1000
1000 1000
1000 1000
1000 1000
1000 1000
1000 1000
1000 1000
1000 1000
1000 1000
1000 1000
1000 1000
1000 1000
1000 1000
1000 1000
1000 1000
1000 1000
1000 1000
1000 1000
1000 1000
1000 1000
1000 1000
1000 1000
1000 1000
1000 1000
1000 1000
1000 1000
1000 1000
1000 1000
1000 1000
1000 1000
1000 1000
1000 1000
1000 1000
1000 1000
1000 1000
1000 1000
1000 1000
1000 1000
1000 1000
1000 1000
1000 1000
1000 1000
1000 1000
1000 1000
1000 1000
1000 1000
1000 1000
1000 1000
1000 1000
1000 1000
1000 1000
1000 1000
1000 1000
1000 1000
1000 1000
1000 1000
1000 1000
1000 1000
1000 1000
1000 1000
1000 1000
1000 1000
1000 1000
1000 1000
1000 1000
1000 1000
1000 1000
1000 1000
1000 1000
1000 1000
1000 1000
1000 1000
1000 1000
1000 1000
1000 1000
1000 1000
1000 1000
1000 1000
1000 1000
1000 1000
1000 1000
1000 1000
1000 1000
1000 1000
1000 1000
1000 1000
1000 1000
1000 1000
1000 1000
1000 1000
1000 1000
1000 1000
1000 1000
1000 1000
1000 1000
1000 1000
1000 1000
1000 1000
1000 1000
1000 1000
1000 1000
1000 1000
1000 1000
1000 1000
1000 1000
1000 1000
1000 1000
1000 1000
1000 1000
1000 1000
1000 1000
1000 1000
1000 1000
1000 1000
1000 1000
1000 1000
1000 1000
1000 1000
1000 1000
1000 1000
1000 1000
1000 1000
1000 1000
1000 1000
1000 1000
1000 1000
1000 1000
1000 1000
1000 1000
1000 1000
1000 1000
1000 1000
1000 1000
1000 1000
1000 1000
1000 1000
1000 1000
1000 1000
1000 1000
1000 1000
1000 1000
1000 1000
1000 1000
1000 1000
1000 1000
1000 1000
1000 1000
1000 1000
1000 1000
1000 1000
1000 1000
1000 1000
1000 1000
1000 1000
1000 1000
1000 1000
1000 1000
1000 1000
1000 1000
1000 1000
1000 1000
1000 1000
1000 1000
1000 1000
1000 1000
1000 1000
1000 1000
1000 1000
1000 1000
1000 1000
1000 1000
1000 1000
1000 1000
1000 1000
1000 1000
1000 1000
1000 1000
1000 1000
1000 1000
1000 1000
1000 1000
1000 1000
1000 1000
1000 1000
1000 1000
1000 1000
1000 1000
1000 1000
1000 1000
1000 1000
1000 1000
1000 1000
1000 1000
1000 1000
1000 1000
1000 1000
1000 1000
1000 1000
1000 1000
1000 1000
1000 1000
1000 1000
1000 1000
1000 1000
1000 1000
1000 1000
1000 1000
1000 1000
1000 1000
1000 1000
1000 1000
1000 1000
1000 1000
1000 1000
1000 1000
1000 1000
1000 1000
1000 1000
1000 1000
1000 1000
1000 1000
1000 1000
1000 1000
1000 1000
1000 1000
1000 1000
1000 1000
1000 1000
1000 1000
1000 1000
1000 1000
1000 1000
1000 1000
1000 1000
1000 1000
1000 1000
1000 1000
1000 1000
1000 1000
1000 1000
1000 1000
1000 1000
1000 1000
1000 1000
1000 1000
1000 1000
1000 1000
1000 1000
1000 1000
1000 1000
1000 1000
1000 1000
1000 1000
1000 1000
1000 1000
1000 1000
1000 1000
1000 1000
1000 1000
1000 1000
1000 1000
1000 1000
1000 1000
1000 1000
1000 1000
1000 1000
1000 1000
1000 1000
1000 1000
1000 1000
1000 1000
1000 1000
1000 1000
1000 1000
1000 1000
1000 1000
1000 1000
1000 1000
1000 1000
1000 1000
1000 1000
1000 1000
1000 1000
1000 1000
1000 1000
1000 1000
1000 1000
1000 1000
1000 1000
1000 1000
1000 1000
1000 1000
1000 1000
1000 1000
1000 1000
1000 1000
1000 1000
1000 1000
1000 1000
1000 1000
1000 1000
1000 1000
1000 1000
1000 1000
1000 1000
1000 1000
1000 1000
1000 1000
1000 1000
1000 1000
1000 1000
1000 1000
1000 1000
1000 1000
1000 1000
1000 1000
1000 1000
1000 1000
1000 1000
1000 1000
1000 1000
1000 1000
1000 1000
1000 1000
1000 1000
1000 1000
1000 1000
1000 1000
1000 1000
1000 1000
1000 1000
1000 1000
1000 1000
1000 1000
1000 1000
1000 1000
1000 1000
1000 1000
1000 1000
1000 1000
1000 1000
1000 1000
1000 1000
1000 1000
1000 1000
1000 1000
1000 1000
1000 1000
1000 1000
1000 1000
1000 1000
1000 1000
1000 1000
1000 1000
1000 1000
1000 1000
1000 1000
1000 1000
1000 1000
1000 1000
1000 1000
1000 1000
1000 1000
1000 1000
1000 1000
1000 1000
1000 1000
1000 1000
1000 1000
1000 1000
1000 1000
1000 1000
1000 1000
1000 1000
1000 1000
1000 1000
1000 1000
1000 1000
1000 1000
1000 1000
1000 1000
1000 1000
1000 1000
1000 1000
1000 1000
1000 1000
1000 1000
1000 1000
1000 1000
1000 1000
1000 1000
1000 1000
1000 1000
1000 1000
1000 1000
1000 1000
1000 1000
1000 1000
1000 1000
1000 1000
1000 1000
1000 1000
1000 1000
1000 1000
1000 1000
1000 1000
1000 1000
1000 1000
1000 1000
1000 1000
1000 1000
1000 1000
1000 1000
1000 1000
1000 1000
1000 1000
1000 1000
1000 1000
1000 1000
1000 1000
1000 1000
1000 1000
1000 1000
1000 1000
1000 1000
1000 1000
1000 1000
1000 1000
1000 1000
1000 1000
1000 1000
1000 1000
1000 1000
1000 1000
1000 1000
1000 1000
1000 1000
1000 1000
1000 1000
1000 1000
1000 1000
1000 1000
1000 1000
1000 1000
1000 1000
1000 1000
1000 1000
1000 1000
1000 1000
1000 1000
1000 1000
1000 1000
1000 1000
1000 1000
1000 1000
1000 1000
1000 1000
1000 1000
1000 1000
1000 1000
1000 1000
1000 1000
1000 1000
1000 1000
1000 1000
1000 1000
1000 1000
1000 1000
1000 1000
1000 1000
1000 1000
1000 1000
1000 1000
1000 1000
1000 1000
1000 1000
1000 1000
1000 1000
1000 1000
1000 1000
1000 1000
1000 1000
1000 1000
1000 1000
1000 1000
1000 1000
1000 1000
1000 1000
1000 1000
1000 1000
1000 1000
1000 1000
1000 1000
1000 1000
1000 1000
1000 1000
1000 1000
1000 1000
1000 1000
1000 1000
1000 1000
1000 1000
1000 1000
1000 1000
1000 1000
1000 1000
1000 1000
1000 1000
1000 1000
1000 1000
1000 1000
1000 1000
1000 1000
1000 1000
1000 1000
1000 1000
1000 1000
1000 1000
1000 1000
1000 1000
1000 1000
1000 1000
1000 1000
1000 1000
1000 1000
1000 1000
1000 1000
1000 1000
1000 1000
1000 1000
1000 1000
1000 1000
1000 1000
1000 1000
1000 1000
1000 1000
1000 1000
1000 1000
1000 1000
1000 1000
1000 1000
1000 1000
1000 1000
1000 1000
1000 1000
1000 1000
1000 1000
1000 1000
1000 1000
1000 1000
1000 1000
1000 1000
1000 1000
1000 1000
1000 1000
1000 1000
1000 1000
1000 1000
1000 1000
1000 1000
1000 1000
1000 1000
1000 1000
1000 1000
1000 1000
1000 1000
1000 1000
1000 1000
1000 1000
1000 1000
1000 1000
1000 1000
1000 1000
1000 1000
1000 1000
1000 1000
1000 1000
1000 1000
1000 1000
1000 1000
1000 1000
1000 1000
1000 1000
1000 1000
1000 1000
1000 1000
1000 1000
1000 1000
1000 1000
1000 1000
1000 1000
1000 1000
1000 1000
1000 1000
1000 1000
1000 1000
1000 1000
1000 1000
1000 1000
1000 1000
1000 1000
1000 1000
1000 1000
1000 1000
1000 1000
1000 1000
1000 1000
1000 1000
1000 1000
1000 1000
1000 1000
1000 1000
1000 1000
1000 1000
1000 1000
1000 1000
1000 1000
1000 1000
1000 1000
1000 1000
1000 1000
1000 1000
1000 1000
1000 1000
1000 1000
1000 1000
1000 1000
1000 1000
1000 1000
1000 1000
1000 1000
1000 1000
1000 1000
1000 1000
1000 1000
1000 1000
1000 1000
1000 1000
1000 1000
1000 1000
1000 1000
1000 1000
1000 1000
1000 1000
1000 1000
1000 1000
1000 1000
1000 1000
1000 1000
1000 1000
1000 1000
1000 1000
1000 1000
1000 1000
1000 1000
1000 1000
1000 1000
1000 1000
1000 1000
1000 1000
1000 1000
1000 1000
1000 1000
1000 1000
1000 1000
1000 1000
1000 1000
1000 1000
1000 1000
1000 1000
1000 1000
1000 1000
1000 1000
1000 1000
1000 1000
1000 1000
1000 1000
1000 1000
1000 1000
1000 1000
1000 1000
1000 1000
1000 1000
1000 1000
1000 1000
1000 1000
1000 1000
1000 1000
1000 1000
1000 1000
1000 1000
1000 1000
1000 1000
1000 1000
1000 1000
1000 1000
1000 1000
1000 1000
1000 1000
1000 1000
1000 1000
1000 1000
1000 1000
1000 1000
1000 1000
1000 1000
1000 1000
1000 1000
1000 1000
1000 1000
1000 1000
1000 1000
1000 1000
1000 1000
1000 1000
1000 1000
1000 1000
1000 1000
1000 1000
1000 1000
1000 1000
1000 1000
1000 1000
1000 1000
1000 1000
1000 1000
1000 1000
1000 1000
1000 1000
1000 1000
1000 1000
1000 1000
1000 1000
1000 1000
1000 1000
1000 1000
1000 1000
1000 1000
1000 1000
1000 1000
1000 1000
1000 1000
1000 1000
1000 1000
1000 1000
1000 1000
1000 1000
1000 1000
1000 1000
1000 1000
1000 1000
1000 1000
1000 1000
1000 1000
1000 1000
1000 1000
1000 1000
1000 1000
1000 1000
1000 1000
1000 1000
1000 1000
1000 1000
1000 1000
1000 1000
1000 1000
1000 1000
1000 1000
1000 1000
1000 1000
1000 1000
1000 1000
1000 1000
1000 1000
1000 1000
1000 1000
1000 1000
1000 1000
1000 1000
1000 1000
1000 1000
1000 1000
1000 1000
1000 1000
1000 1000
1000 1000
1000 1000
1000 1000
1000 1000
1000 1000
1000 1000
1000 1000
1000 1000
1000 1000
1000 1000
1000 1000
1000 1000
1000 1000
1000 1000
1000 1000
1000 1000
1000 1000
1000 1000
1000 1000
1000 1000
1000 1000
1000 1000
1000 1000
1000 1000
1000 1000
1000 1000
1000 1000
1000 1000
1000 1000
1000 1000
1000 1000
1000 1000
1000 1000
1000 1000
1000 1000
1000 1000
1000 1000
1000 1000
1000 1000
1000 1000
1000 1000
1000 1000
1000 1000
1000 1000
1000 1000
1000 1000
1000 1000
1000 1000
1000 1000
1000 1000
1000 1000
1000 1000
1000 1000
1000 1000
1000 1000
1000 1000
1000 1000
1000 1000
1000 1000
1000 1000
1000 1000
1000 1000
1000 1000
1000 1000
1000 1000
1000 1000
1000 1000
1000 1000
1000 1000
1000 1000
1000 1000
1000 1000
1000 1000
1000 1000
1000 1000
1000 1000
1000 1000
1000 1000
1000 1000
1000 1000
1000 1000
1000 1000
1000 1000
1000 1000
1000 1000
1000 1000
1000 1000
1000 1000
1000 1000
1000 1000
1000 1000
1000 1000
1000 1000
1000 1000
1000 1000
1000 1000
1000 1000
1000 1000
1000 1000
1000 1000
1000 1000
1000 1000
1000 1000
1000 1000
1000 1000
1000 1000
1000 1000
1000 1000
1000 1000
1000 1000
1000 1000
1000 1000
1000 1000
1000 1000
1000 1000
1000 1000
1000 1000
1000 1000
1000 1000
1000 1000
1000 1000
1000 1000
1000 1000
1000 1000
1000 1000
1000 1000
