1175 1279
1174 1278
1173 1277
1172 1276
1171 1275
1170 1274
1169 1273
1168 1272
1167 1271
1166 1270
1165 1269
1164 1268
1163 1267
1162 1266
1161 1265
1160 1264
1159 1263
1158 1262
1157 1261
1156 1260
1155 1259
1154 1258
1153 1257
1152 1256
1151 1255
1150 1254
1149 1253
1148 1252
1147 1251
1146 1250
1145 1249
1144 1248
1143 1247
1142 1246
1141 1245
1140 1244
1139 1243
1138 1242
1137 1241
1136 1240
1135 1239
1134 1238
1133 1237
1132 1236
1131 1235
1130 1234
1129 1233
1128 1232
1127 1231
1126 1230
1125 1229
1124 1228
1123 1227
1122 1226
1121 1225
1120 1224
1119 1223
1118 1222
1117 1221
1116 1220
1115 1219
1114 1218
1113 1217
1112 1216
1111 1215
1110 1214
1109 1213
1108 1212
1107 1211
1106 1210
1105 1209
1104 1208
1103 1207
1102 1206
1101 1205
1100 1204
1099 1203
1098 1202
1097 1201
1096 1200
1095 1199
1094 1198
1093 1197
1092 1196
1091 1195
1090 1194
1089 1193
1088 1192
1087 1191
1086 1190
1085 1189
1084 1188
1083 1187
1082 1186
1081 1185
1080 1184
1079 1183
1078 1182
1077 1181
1076 1180
1075 1179
1074 1178
1073 1177
1072 1176
1071 1175
1070 1174
1069 1173
1068 1172
1067 1171
1066 1170
1065 1169
1064 1168
1063 1167
1062 1166
1061 1165
1060 1164
1059 1163
1058 1162
1057 1161
1056 1160
1055 1159
1054 1158
1053 1157
1052 1156
1051 1155
1050 1154
1049 1153
1048 1152
1047 1151
1046 1150
1045 1149
1044 1148
1043 1147
1042 1146
1041 1145
1040 1144
1039 1143
1038 1142
1037 1141
1036 1140
1035 1139
1034 1138
1033 1137
1032 1136
1031 1135
1030 1134
1029 1133
1028 1132
1027 1131
1026 1130
1025 1129
1024 1128
1023 1127
1022 1126
1021 1125
1020 1124
1019 1123
1018 1122
1017 1121
1016 1120
1015 1119
1014 1118
1013 1117
1012 1116
1011 1115
1010 1114
1009 1113
1008 1112
1007 1111
1006 1110
1005 1109
1004 1108
1003 1107
1002 1106
1001 1105
1000 1104
999 1103
998 1102
997 1101
996 1100
995 1099
994 1098
993 1097
992 1096
991 1095
990 1094
989 1093
988 1092
987 1091
986 1090
985 1089
984 1088
983 1087
982 1086
981 1085
980 1084
979 1083
978 1082
977 1081
976 1080
975 1079
974 1078
973 1077
972 1076
971 1075
970 1074
969 1073
968 1072
967 1071
966 1070
965 1069
964 1068
963 1067
962 1066
961 1065
960 1064
959 1063
958 1062
957 1061
956 1060
955 1059
954 1058
953 1057
952 1056
951 1055
950 1054
949 1053
948 1052
947 1051
946 1050
945 1049
944 1048
943 1047
942 1046
941 1045
940 1044
939 1043
938 1042
937 1041
936 1040
935 1039
934 1038
933 1037
932 1036
931 1035
930 1034
929 1033
928 1032
927 1031
926 1030
925 1029
924 1028
923 1027
922 1026
921 1025
920 1024
919 1023
918 1022
917 1021
916 1020
915 1019
914 1018
913 1017
912 1016
911 1015
910 1014
909 1013
908 1012
907 1011
906 1010
905 1009
904 1008
903 1007
902 1006
901 1005
900 1004
899 1003
898 1002
897 1001
896 1000
895 999
894 998
893 997
892 996
891 995
890 994
889 993
888 992
887 991
886 990
885 989
884 988
883 987
882 986
881 985
880 984
879 983
878 982
877 981
876 980
875 979
874 978
873 977
872 976
871 975
870 974
869 973
868 972
867 971
866 970
865 969
864 968
863 967
862 966
861 965
860 964
859 963
858 962
857 961
856 960
855 959
854 958
853 957
852 956
851 955
850 954
849 953
848 952
847 951
846 950
845 949
844 948
843 947
842 946
841 945
840 944
839 943
838 942
837 941
836 940
835 939
834 938
833 937
832 936
831 935
830 934
829 933
828 932
827 931
826 930
825 929
824 928
823 927
822 926
821 925
820 924
819 923
818 922
817 921
816 920
815 919
814 918
813 917
812 916
811 915
810 914
809 913
808 912
807 911
806 910
805 909
804 908
803 907
802 906
801 905
800 904
799 903
798 902
797 901
796 900
795 899
794 898
793 897
792 896
791 895
790 894
789 893
788 892
787 891
786 890
785 889
784 888
783 887
782 886
781 885
780 884
779 883
778 882
777 881
776 880
775 879
774 878
773 877
772 876
771 875
770 874
769 873
768 872
767 871
766 870
765 869
764 868
763 867
762 866
761 865
760 864
759 863
758 862
757 861
756 860
755 859
754 858
753 857
752 856
751 855
750 854
749 853
748 852
747 851
746 850
745 849
744 848
743 847
742 846
741 845
740 844
739 843
738 842
737 841
736 840
735 839
734 838
733 837
732 836
731 835
730 834
729 833
728 832
727 831
726 830
725 829
724 828
723 827
722 826
721 825
720 824
719 823
718 822
717 821
716 820
715 819
714 818
713 817
712 816
711 815
710 814
709 813
708 812
707 811
706 810
705 809
704 808
703 807
702 806
701 805
700 804
699 803
698 802
697 801
696 800
695 799
694 798
693 797
692 796
691 795
690 794
689 793
688 792
687 791
686 790
685 789
684 788
683 787
682 786
681 785
680 784
679 783
678 782
677 781
676 780
675 779
674 778
673 777
672 776
671 775
670 774
669 773
668 772
667 771
666 770
665 769
664 768
663 767
662 766
661 765
660 764
659 763
658 762
657 761
656 760
655 759
654 758
653 757
652 756
651 755
650 754
649 753
648 752
647 751
646 750
645 749
644 748
643 747
642 746
641 745
640 744
639 743
638 742
637 741
636 740
635 739
634 738
633 737
632 736
631 735
630 734
629 733
628 732
627 731
626 730
625 729
624 728
623 727
622 726
621 725
620 724
619 723
618 722
617 721
616 720
615 719
614 718
613 717
612 716
611 715
610 714
609 713
608 712
607 711
606 710
605 709
604 708
603 707
602 706
601 705
600 704
599 703
598 702
597 701
596 700
595 699
594 698
593 697
592 696
591 695
590 694
589 693
588 692
587 691
586 690
585 689
584 688
583 687
582 686
581 685
580 684
579 683
578 682
577 681
576 680
575 679
574 678
573 677
572 676
571 675
570 674
569 673
568 672
567 671
566 670
565 669
564 668
563 667
562 666
561 665
560 664
559 663
558 662
557 661
556 660
555 659
554 658
553 657
552 656
551 655
550 654
549 653
548 652
547 651
546 650
545 649
544 648
543 647
542 646
541 645
540 644
539 643
538 642
537 641
536 640
535 639
534 638
533 637
532 636
531 635
530 634
529 633
528 632
527 631
526 630
525 629
524 628
523 627
522 626
521 625
520 624
519 623
518 622
517 621
516 620
515 619
514 618
513 617
512 616
511 615
510 614
509 613
508 612
507 611
506 610
505 609
504 608
503 607
502 606
501 605
500 604
499 603
498 602
497 601
496 600
495 599
494 598
493 597
492 596
491 595
490 594
489 593
488 592
487 591
486 590
485 589
484 588
483 587
482 586
481 585
480 584
479 583
478 582
477 581
476 580
475 579
474 578
473 577
472 576
471 575
470 574
469 573
468 572
467 571
466 570
465 569
464 568
463 567
462 566
461 565
460 564
459 563
458 562
457 561
456 560
455 559
454 558
453 557
452 556
451 555
450 554
449 553
448 552
447 551
446 550
445 549
444 548
443 547
442 546
441 545
440 544
439 543
438 542
437 541
436 540
435 539
434 538
433 537
432 536
431 535
430 534
429 533
428 532
427 531
426 530
425 529
424 528
423 527
422 526
421 525
420 524
419 523
418 522
417 521
416 520
415 519
414 518
413 517
412 516
411 515
410 514
409 513
408 512
407 511
406 510
405 509
404 508
403 507
402 506
401 505
400 504
399 503
398 502
397 501
396 500
395 499
394 498
393 497
392 496
391 495
390 494
389 493
388 492
387 491
386 490
385 489
384 488
383 487
382 486
381 485
380 484
379 483
378 482
377 481
376 480
375 479
374 478
373 477
372 476
371 475
370 474
369 473
368 472
367 471
366 470
365 469
364 468
363 467
362 466
361 465
360 464
359 463
358 462
357 461
356 460
355 459
354 458
353 457
352 456
351 455
350 454
349 453
348 452
347 451
346 450
345 449
344 448
343 447
342 446
341 445
340 444
339 443
338 442
337 441
336 440
335 439
334 438
333 437
332 436
331 435
330 434
329 433
328 432
327 431
326 430
325 429
324 428
323 427
322 426
321 425
320 424
319 423
318 422
317 421
316 420
315 419
314 418
313 417
312 416
311 415
310 414
309 413
308 412
307 411
306 410
305 409
304 408
303 407
302 406
301 405
300 404
299 403
298 402
297 401
296 400
295 399
294 398
293 397
292 396
291 395
290 394
289 393
288 392
287 391
286 390
285 389
284 388
283 387
282 386
281 385
280 384
279 383
278 382
277 381
276 380
275 379
274 378
273 377
272 376
271 375
270 374
269 373
268 372
267 371
266 370
265 369
264 368
263 367
262 366
261 365
260 364
259 363
258 362
257 361
256 360
255 359
254 358
253 357
252 356
251 355
250 354
249 353
248 352
247 351
246 350
245 349
244 348
243 347
242 346
241 345
240 344
239 343
238 342
237 341
236 340
235 339
234 338
233 337
232 336
231 335
230 334
229 333
228 332
227 331
226 330
225 329
224 328
223 327
222 326
221 325
220 324
219 323
218 322
217 321
216 320
215 319
214 318
213 317
212 316
211 315
210 314
209 313
208 312
207 311
206 310
205 309
204 308
203 307
202 306
201 305
200 304
199 303
198 302
197 301
196 300
195 299
194 298
193 297
192 296
191 295
190 294
189 293
188 292
187 291
186 290
185 289
184 288
183 287
182 286
181 285
180 284
179 283
178 282
177 281
176 280
175 279
174 278
173 277
172 276
171 275
170 274
169 273
168 272
167 271
166 270
165 269
164 268
163 267
162 266
161 265
160 264
159 263
158 262
157 261
156 260
155 259
154 258
153 257
152 256
151 255
150 254
149 253
148 252
147 251
146 250
145 249
144 248
143 247
142 246
141 245
140 244
139 243
138 242
137 241
136 240
135 239
134 238
133 237
132 236
131 235
130 234
129 233
128 232
127 231
126 230
125 229
124 228
123 227
122 226
121 225
120 224
119 223
118 222
117 221
116 220
115 219
114 218
113 217
112 216
111 215
110 214
109 213
108 212
107 211
106 210
105 209
104 208
103 207
102 206
101 205
100 204
99 203
98 202
97 201
96 200
95 199
94 198
93 197
92 196
91 195
90 194
89 193
88 192
87 191
86 190
85 189
84 188
83 187
82 186
81 185
80 184
79 183
78 182
77 181
76 180
75 179
74 178
73 177
72 176
71 175
70 174
69 173
68 172
67 171
66 170
65 169
64 168
63 167
62 166
61 165
60 164
59 163
58 162
57 161
56 160
55 159
54 158
53 157
52 156
51 155
50 154
49 153
48 152
47 151
46 150
45 149
44 148
43 147
42 146
41 145
40 144
39 143
38 142
37 141
36 140
35 139
34 138
33 137
32 136
31 135
30 134
29 133
28 132
27 131
26 130
25 129
24 128
23 127
22 126
21 125
20 124
19 123
18 122
17 121
16 120
15 119
14 118
13 117
12 116
11 115
10 114
9 113
8 112
7 111
6 110
5 109
4 108
3 107
2 106
1 105
0 104
2301 103
2300 102
2299 101
2298 100
2297 99
2296 98
2295 97
2294 96
2293 95
2292 94
2291 93
2290 92
2289 91
2288 90
2287 89
2286 88
2285 87
2284 86
2283 85
2282 84
2281 83
2280 82
2279 81
2278 80
2277 79
2276 78
2275 77
2274 76
2273 75
2272 74
2271 73
2270 72
2269 71
2268 70
2267 69
2266 68
2265 67
2264 66
2263 65
2262 64
2261 63
2260 62
2259 61
2258 60
2257 59
2256 58
2255 57
2254 56
2253 55
2252 54
2251 53
2250 52
2249 51
2248 50
2247 49
2246 48
2245 47
2244 46
2243 45
2242 44
2241 43
2240 42
2239 41
2238 40
2237 39
2236 38
2235 37
2234 36
2233 35
2232 34
2231 33
2230 32
2229 31
2228 30
2227 29
2226 28
2225 27
2224 26
2223 25
2222 24
2221 23
2220 22
2219 21
2218 20
2217 19
2216 18
2215 17
2214 16
2213 15
2212 14
2211 13
2210 12
2209 11
2208 10
2207 9
2206 8
2205 7
2204 6
2203 5
2202 4
2201 3
2200 2
2199 1
2198 0
2197 2279
2196 2278
2195 2277
2194 2276
2193 2275
2192 2274
2191 2273
2190 2272
2189 2271
2188 2270
2187 2269
2186 2268
2185 2267
2184 2266
2183 2265
2182 2264
2181 2263
2180 2262
2179 2261
2178 2260
2177 2259
2176 2258
2175 2257
2174 2256
2173 2255
2172 2254
2171 2253
2170 2252
2169 2251
2168 2250
2167 2249
2166 2248
2165 2247
2164 2246
2163 2245
2162 2244
2161 2243
2160 2242
2159 2241
2158 2240
2157 2239
2156 2238
2155 2237
2154 2236
2153 2235
2152 2234
2151 2233
2150 2232
2149 2231
2148 2230
2147 2229
2146 2228
2145 2227
2144 2226
2143 2225
2142 2224
2141 2223
2140 2222
2139 2221
2138 2220
2137 2219
2136 2218
2135 2217
2134 2216
2133 2215
2132 2214
2131 2213
2130 2212
2129 2211
2128 2210
2127 2209
2126 2208
2125 2207
2124 2206
2123 2205
2122 2204
2121 2203
2120 2202
2119 2201
2118 2200
2117 2199
2116 2198
2115 2197
2114 2196
2113 2195
2112 2194
2111 2193
2110 2192
2109 2191
2108 2190
2107 2189
2106 2188
2105 2187
2104 2186
2103 2185
2102 2184
2101 2183
2100 2182
2099 2181
2098 2180
2097 2179
2096 2178
2095 2177
2094 2176
2093 2175
2092 2174
2091 2173
2090 2172
2089 2171
2088 2170
2087 2169
2086 2168
2085 2167
2084 2166
2083 2165
2082 2164
2081 2163
2080 2162
2079 2161
2078 2160
2077 2159
2076 2158
2075 2157
2074 2156
2073 2155
2072 2154
2071 2153
2070 2152
2069 2151
2068 2150
2067 2149
2066 2148
2065 2147
2064 2146
2063 2145
2062 2144
2061 2143
2060 2142
2059 2141
2058 2140
2057 2139
2056 2138
2055 2137
2054 2136
2053 2135
2052 2134
2051 2133
2050 2132
2049 2131
2048 2130
2047 2129
2046 2128
2045 2127
2044 2126
2043 2125
2042 2124
2041 2123
2040 2122
2039 2121
2038 2120
2037 2119
2036 2118
2035 2117
2034 2116
2033 2115
2032 2114
2031 2113
2030 2112
2029 2111
2028 2110
2027 2109
2026 2108
2025 2107
2024 2106
2023 2105
2022 2104
2021 2103
2020 2102
2019 2101
2018 2100
2017 2099
2016 2098
2015 2097
2014 2096
2013 2095
2012 2094
2011 2093
2010 2092
2009 2091
2008 2090
2007 2089
2006 2088
2005 2087
2004 2086
2003 2085
2002 2084
2001 2083
2000 2082
1999 2081
1998 2080
1997 2079
1996 2078
1995 2077
1994 2076
1993 2075
1992 2074
1991 2073
1990 2072
1989 2071
1988 2070
1987 2069
1986 2068
1985 2067
1984 2066
1983 2065
1982 2064
1981 2063
1980 2062
1979 2061
1978 2060
1977 2059
1976 2058
1975 2057
1974 2056
1973 2055
1972 2054
1971 2053
1970 2052
1969 2051
1968 2050
1967 2049
1966 2048
1965 2047
1964 2046
1963 2045
1962 2044
1961 2043
1960 2042
1959 2041
1958 2040
1957 2039
1956 2038
1955 2037
1954 2036
1953 2035
1952 2034
1951 2033
1950 2032
1949 2031
1948 2030
1947 2029
1946 2028
1945 2027
1944 2026
1943 2025
1942 2024
1941 2023
1940 2022
1939 2021
1938 2020
1937 2019
1936 2018
1935 2017
1934 2016
1933 2015
1932 2014
1931 2013
1930 2012
1929 2011
1928 2010
1927 2009
1926 2008
1925 2007
1924 2006
1923 2005
1922 2004
1921 2003
1920 2002
1919 2001
1918 2000
1917 1999
1916 1998
1915 1997
1914 1996
1913 1995
1912 1994
1911 1993
1910 1992
1909 1991
1908 1990
1907 1989
1906 1988
1905 1987
1904 1986
1903 1985
1902 1984
1901 1983
1900 1982
1899 1981
1898 1980
1897 1979
1896 1978
1895 1977
1894 1976
1893 1975
1892 1974
1891 1973
1890 1972
1889 1971
1888 1970
1887 1969
1886 1968
1885 1967
1884 1966
1883 1965
1882 1964
1881 1963
1880 1962
1879 1961
1878 1960
1877 1959
1876 1958
1875 1957
1874 1956
1873 1955
1872 1954
1871 1953
1870 1952
1869 1951
1868 1950
1867 1949
1866 1948
1865 1947
1864 1946
1863 1945
1862 1944
1861 1943
1860 1942
1859 1941
1858 1940
1857 1939
1856 1938
1855 1937
1854 1936
1853 1935
1852 1934
1851 1933
1850 1932
1849 1931
1848 1930
1847 1929
1846 1928
1845 1927
1844 1926
1843 1925
1842 1924
1841 1923
1840 1922
1839 1921
1838 1920
1837 1919
1836 1918
1835 1917
1834 1916
1833 1915
1832 1914
1831 1913
1830 1912
1829 1911
1828 1910
1827 1909
1826 1908
1825 1907
1824 1906
1823 1905
1822 1904
1821 1903
1820 1902
1819 1901
1818 1900
1817 1899
1816 1898
1815 1897
1814 1896
1813 1895
1812 1894
1811 1893
1810 1892
1809 1891
1808 1890
1807 1889
1806 1888
1805 1887
1804 1886
1803 1885
1802 1884
1801 1883
1800 1882
1799 1881
1798 1880
1797 1879
1796 1878
1795 1877
1794 1876
1793 1875
1792 1874
1791 1873
1790 1872
1789 1871
1788 1870
1787 1869
1786 1868
1785 1867
1784 1866
1783 1865
1782 1864
1781 1863
1780 1862
1779 1861
1778 1860
1777 1859
1776 1858
1775 1857
1774 1856
1773 1855
1772 1854
1771 1853
1770 1852
1769 1851
1768 1850
1767 1849
1766 1848
1765 1847
1764 1846
1763 1845
1762 1844
1761 1843
1760 1842
1759 1841
1758 1840
1757 1839
1756 1838
1755 1837
1754 1836
1753 1835
1752 1834
1751 1833
1750 1832
1749 1831
1748 1830
1747 1829
1746 1828
1745 1827
1744 1826
1743 1825
1742 1824
1741 1823
1740 1822
1739 1821
1738 1820
1737 1819
1736 1818
1735 1817
1734 1816
1733 1815
1732 1814
1731 1813
1730 1812
1729 1811
1728 1810
1727 1809
1726 1808
1725 1807
1724 1806
1723 1805
1722 1804
1721 1803
1720 1802
1719 1801
1718 1800
1717 1799
1716 1798
1715 1797
1714 1796
1713 1795
1712 1794
1711 1793
1710 1792
1709 1791
1708 1790
1707 1789
1706 1788
1705 1787
1704 1786
1703 1785
1702 1784
1701 1783
1700 1782
1699 1781
1698 1780
1697 1779
1696 1778
1695 1777
1694 1776
1693 1775
1692 1774
1691 1773
1690 1772
1689 1771
1688 1770
1687 1769
1686 1768
1685 1767
1684 1766
1683 1765
1682 1764
1681 1763
1680 1762
1679 1761
1678 1760
1677 1759
1676 1758
1675 1757
1674 1756
1673 1755
1672 1754
1671 1753
1670 1752
1669 1751
1668 1750
1667 1749
1666 1748
1665 1747
1664 1746
1663 1745
1662 1744
1661 1743
1660 1742
1659 1741
1658 1740
1657 1739
1656 1738
1655 1737
1654 1736
1653 1735
1652 1734
1651 1733
1650 1732
1649 1731
1648 1730
1647 1729
1646 1728
1645 1727
1644 1726
1643 1725
1642 1724
1641 1723
1640 1722
1639 1721
1638 1720
1637 1719
1636 1718
1635 1717
1634 1716
1633 1715
1632 1714
1631 1713
1630 1712
1629 1711
1628 1710
1627 1709
1626 1708
1625 1707
1624 1706
1623 1705
1622 1704
1621 1703
1620 1702
1619 1701
1618 1700
1617 1699
1616 1698
1615 1697
1614 1696
1613 1695
1612 1694
1611 1693
1610 1692
1609 1691
1608 1690
1607 1689
1606 1688
1605 1687
1604 1686
1603 1685
1602 1684
1601 1683
1600 1682
1599 1681
1598 1680
1597 1679
1596 1678
1595 1677
1594 1676
1593 1675
1592 1674
1591 1673
1590 1672
1589 1671
1588 1670
1587 1669
1586 1668
1585 1667
1584 1666
1583 1665
1582 1664
1581 1663
1580 1662
1579 1661
1578 1660
1577 1659
1576 1658
1575 1657
1574 1656
1573 1655
1572 1654
1571 1653
1570 1652
1569 1651
1568 1650
1567 1649
1566 1648
1565 1647
1564 1646
1563 1645
1562 1644
1561 1643
1560 1642
1559 1641
1558 1640
1557 1639
1556 1638
1555 1637
1554 1636
1553 1635
1552 1634
1551 1633
1550 1632
1549 1631
1548 1630
1547 1629
1546 1628
1545 1627
1544 1626
1543 1625
1542 1624
1541 1623
1540 1622
1539 1621
1538 1620
1537 1619
1536 1618
1535 1617
1534 1616
1533 1615
1532 1614
1531 1613
1530 1612
1529 1611
1528 1610
1527 1609
1526 1608
1525 1607
1524 1606
1523 1605
1522 1604
1521 1603
1520 1602
1519 1601
1518 1600
1517 1599
1516 1598
1515 1597
1514 1596
1513 1595
1512 1594
1511 1593
1510 1592
1509 1591
1508 1590
1507 1589
1506 1588
1505 1587
1504 1586
1503 1585
1502 1584
1501 1583
1500 1582
1499 1581
1498 1580
1497 1579
1496 1578
1495 1577
1494 1576
1493 1575
1492 1574
1491 1573
1490 1572
1489 1571
1488 1570
1487 1569
1486 1568
1485 1567
1484 1566
1483 1565
1482 1564
1481 1563
1480 1562
1479 1561
1478 1560
1477 1559
1476 1558
1475 1557
1474 1556
1473 1555
1472 1554
1471 1553
1470 1552
1469 1551
1468 1550
1467 1549
1466 1548
1465 1547
1464 1546
1463 1545
1462 1544
1461 1543
1460 1542
1459 1541
1458 1540
1457 1539
1456 1538
1455 1537
1454 1536
1453 1535
1452 1534
1451 1533
1450 1532
1449 1531
1448 1530
1447 1529
1446 1528
1445 1527
1444 1526
1443 1525
1442 1524
1441 1523
1440 1522
1439 1521
1438 1520
1437 1519
1436 1518
1435 1517
1434 1516
1433 1515
1432 1514
1431 1513
1430 1512
1429 1511
1428 1510
1427 1509
1426 1508
1425 1507
1424 1506
1423 1505
1422 1504
1421 1503
1420 1502
1419 1501
1418 1500
1417 1499
1416 1498
1415 1497
1414 1496
1413 1495
1412 1494
1411 1493
1410 1492
1409 1491
1408 1490
1407 1489
1406 1488
1405 1487
1404 1486
1403 1485
1402 1484
1401 1483
1400 1482
1399 1481
1398 1480
1397 1479
1396 1478
1395 1477
1394 1476
1393 1475
1392 1474
1391 1473
1390 1472
1389 1471
1388 1470
1387 1469
1386 1468
1385 1467
1384 1466
1383 1465
1382 1464
1381 1463
1380 1462
1379 1461
1378 1460
1377 1459
1376 1458
1375 1457
1374 1456
1373 1455
1372 1454
1371 1453
1370 1452
1369 1451
1368 1450
1367 1449
1366 1448
1365 1447
1364 1446
1363 1445
1362 1444
1361 1443
1360 1442
1359 1441
1358 1440
1357 1439
1356 1438
1355 1437
1354 1436
1353 1435
1352 1434
1351 1433
1350 1432
1349 1431
1348 1430
1347 1429
1346 1428
1345 1427
1344 1426
1343 1425
1342 1424
1341 1423
1340 1422
1339 1421
1338 1420
1337 1419
1336 1418
1335 1417
1334 1416
1333 1415
1332 1414
1331 1413
1330 1412
1329 1411
1328 1410
1327 1409
1326 1408
1325 1407
1324 1406
1323 1405
1322 1404
1321 1403
1320 1402
1319 1401
1318 1400
1317 1399
1316 1398
1315 1397
1314 1396
1313 1395
1312 1394
1311 1393
1310 1392
1309 1391
1308 1390
1307 1389
1306 1388
1305 1387
1304 1386
1303 1385
1302 1384
1301 1383
1300 1382
1299 1381
1298 1380
1297 1379
1296 1378
1295 1377
1294 1376
1293 1375
1292 1374
1291 1373
1290 1372
1289 1371
1288 1370
1287 1369
1286 1368
1285 1367
1284 1366
1283 1365
1282 1364
1281 1363
1280 1362
1279 1361
1278 1360
1277 1359
1276 1358
1275 1357
1274 1356
1273 1355
1272 1354
1271 1353
1270 1352
1269 1351
1268 1350
1267 1349
1266 1348
1265 1347
1264 1346
1263 1345
1262 1344
1261 1343
1260 1342
1259 1341
1258 1340
1257 1339
1256 1338
1255 1337
1254 1336
1253 1335
1252 1334
1251 1333
1250 1332
1249 1331
1248 1330
1247 1329
1246 1328
1245 1327
1244 1326
1243 1325
1242 1324
1241 1323
1240 1322
1239 1321
1238 1320
1237 1319
1236 1318
1235 1317
1234 1316
1233 1315
1232 1314
1231 1313
1230 1312
1229 1311
1228 1310
1227 1309
1226 1308
1225 1307
1224 1306
1223 1305
1222 1304
1221 1303
1220 1302
1219 1301
1218 1300
1217 1299
1216 1298
1215 1297
1214 1296
1213 1295
1212 1294
1211 1293
1210 1292
1209 1291
1208 1290
1207 1289
1206 1288
1205 1287
1204 1286
1203 1285
1202 1284
1201 1283
1200 1282
1199 1281
1198 1280
1197 1279
1196 1278
1195 1277
1194 1276
1193 1275
1192 1274
1191 1273
1190 1272
1189 1271
1188 1270
1187 1269
1186 1268
1185 1267
1184 1266
1183 1265
1182 1264
1181 1263
1180 1262
1179 1261
1178 1260
1177 1259
1176 1258
1175 1257
1174 1256
1173 1255
1172 1254
1171 1253
1170 1252
1169 1251
1168 1250
1167 1249
1166 1248
1165 1247
1164 1246
1163 1245
1162 1244
1161 1243
1160 1242
1159 1241
1158 1240
1157 1239
1156 1238
1155 1237
1154 1236
1153 1235
1152 1234
1151 1233
1150 1232
1149 1231
1148 1230
1147 1229
1146 1228
1145 1227
1144 1226
1143 1225
1142 1224
1141 1223
1140 1222
1139 1221
1138 1220
1137 1219
1136 1218
1135 1217
1134 1216
1133 1215
1132 1214
1131 1213
1130 1212
1129 1211
1128 1210
1127 1209
1126 1208
1125 1207
1124 1206
1123 1205
1122 1204
1121 1203
1120 1202
1119 1201
1118 1200
1117 1199
1116 1198
1115 1197
1114 1196
1113 1195
1112 1194
1111 1193
1110 1192
1109 1191
1108 1190
1107 1189
1106 1188
1105 1187
1104 1186
1103 1185
1102 1184
1101 1183
1100 1182
1099 1181
1098 1180
1097 1179
1096 1178
1095 1177
1094 1176
1093 1175
1092 1174
1091 1173
1090 1172
1089 1171
1088 1170
1087 1169
1086 1168
1085 1167
1084 1166
1083 1165
1082 1164
1081 1163
1080 1162
1079 1161
1078 1160
1077 1159
1076 1158
1075 1157
1074 1156
1073 1155
1072 1154
1071 1153
1070 1152
1069 1151
1068 1150
1067 1149
1066 1148
1065 1147
1064 1146
1063 1145
1062 1144
1061 1143
1060 1142
1059 1141
1058 1140
1057 1139
1056 1138
1055 1137
1054 1136
1053 1135
1052 1134
1051 1133
1050 1132
1049 1131
1048 1130
1047 1129
1046 1128
1045 1127
1044 1126
1043 1125
1042 1124
1041 1123
1040 1122
1039 1121
1038 1120
1037 1119
1036 1118
1035 1117
1034 1116
1033 1115
1032 1114
1031 1113
1030 1112
1029 1111
1028 1110
1027 1109
1026 1108
1025 1107
1024 1106
1023 1105
1022 1104
1021 1103
1020 1102
1019 1101
1018 1100
1017 1099
1016 1098
1015 1097
1014 1096
1013 1095
1012 1094
1011 1093
1010 1092
1009 1091
1008 1090
1007 1089
1006 1088
1005 1087
1004 1086
1003 1085
1002 1084
1001 1083
1000 1082
999 1081
998 1080
997 1079
996 1078
995 1077
994 1076
993 1075
992 1074
991 1073
990 1072
989 1071
988 1070
987 1069
986 1068
985 1067
984 1066
983 1065
982 1064
981 1063
980 1062
979 1061
978 1060
977 1059
976 1058
975 1057
974 1056
973 1055
972 1054
971 1053
970 1052
969 1051
968 1050
967 1049
966 1048
965 1047
964 1046
963 1045
962 1044
961 1043
960 1042
959 1041
958 1040
957 1039
956 1038
955 1037
954 1036
953 1035
952 1034
951 1033
950 1032
949 1031
948 1030
947 1029
946 1028
945 1027
944 1026
943 1025
942 1024
941 1023
940 1022
939 1021
938 1020
937 1019
936 1018
935 1017
934 1016
933 1015
932 1014
931 1013
930 1012
929 1011
928 1010
927 1009
926 1008
925 1007
924 1006
923 1005
922 1004
921 1003
920 1002
919 1001
918 1000
917 999
916 998
915 997
914 996
913 995
912 994
911 993
910 992
909 991
908 990
907 989
906 988
905 987
904 986
903 985
902 984
901 983
900 982
899 981
898 980
897 979
896 978
895 977
894 976
893 975
892 974
891 973
890 972
889 971
888 970
887 969
886 968
885 967
884 966
883 965
882 964
881 963
880 962
879 961
878 960
877 959
876 958
875 957
874 956
873 955
872 954
871 953
870 952
869 951
868 950
867 949
866 948
865 947
864 946
863 945
862 944
861 943
860 942
859 941
858 940
857 939
856 938
855 937
854 936
853 935
852 934
851 933
850 932
849 931
848 930
847 929
846 928
845 927
844 926
843 925
842 924
841 923
840 922
839 921
838 920
837 919
836 918
835 917
834 916
833 915
832 914
831 913
830 912
829 911
828 910
827 909
826 908
825 907
824 906
823 905
822 904
821 903
820 902
819 901
818 900
817 899
816 898
815 897
814 896
813 895
812 894
811 893
810 892
809 891
808 890
807 889
806 888
805 887
804 886
803 885
802 884
801 883
800 882
799 881
798 880
797 879
796 878
795 877
794 876
793 875
792 874
791 873
790 872
789 871
788 870
787 869
786 868
785 867
784 866
783 865
782 864
781 863
780 862
779 861
778 860
777 859
776 858
775 857
774 856
773 855
772 854
771 853
770 852
769 851
768 850
767 849
766 848
765 847
764 846
763 845
762 844
761 843
760 842
759 841
758 840
757 839
756 838
755 837
754 836
753 835
752 834
751 833
750 832
749 831
748 830
747 829
746 828
745 827
744 826
743 825
742 824
741 823
740 822
739 821
738 820
737 819
736 818
735 817
734 816
733 815
732 814
731 813
730 812
729 811
728 810
727 809
726 808
725 807
724 806
723 805
722 804
721 803
720 802
719 801
718 800
717 799
716 798
715 797
714 796
713 795
712 794
711 793
710 792
709 791
708 790
707 789
706 788
705 787
704 786
703 785
702 784
701 783
700 782
699 781
698 780
697 779
696 778
695 777
694 776
693 775
692 774
691 773
690 772
689 771
688 770
687 769
686 768
685 767
684 766
683 765
682 764
681 763
680 762
679 761
678 760
677 759
676 758
675 757
674 756
673 755
672 754
671 753
670 752
669 751
668 750
667 749
666 748
665 747
664 746
663 745
662 744
661 743
660 742
659 741
658 740
657 739
656 738
655 737
654 736
653 735
652 734
651 733
650 732
649 731
648 730
647 729
646 728
645 727
644 726
643 725
642 724
641 723
640 722
639 721
638 720
637 719
636 718
635 717
634 716
633 715
632 714
631 713
630 712
629 711
628 710
627 709
626 708
625 707
624 706
623 705
622 704
621 703
620 702
619 701
618 700
617 699
616 698
615 697
614 696
613 695
612 694
611 693
610 692
609 691
608 690
607 689
606 688
605 687
604 686
603 685
602 684
601 683
600 682
599 681
598 680
597 679
596 678
595 677
594 676
593 675
592 674
591 673
590 672
589 671
588 670
587 669
586 668
585 667
584 666
583 665
582 664
581 663
580 662
579 661
578 660
577 659
576 658
575 657
574 656
573 655
572 654
571 653
570 652
569 651
568 650
567 649
566 648
565 647
564 646
563 645
562 644
561 643
560 642
559 641
558 640
557 639
556 638
555 637
554 636
553 635
552 634
551 633
550 632
549 631
548 630
547 629
546 628
545 627
544 626
543 625
542 624
541 623
540 622
539 621
538 620
537 619
536 618
535 617
534 616
533 615
532 614
531 613
530 612
529 611
528 610
527 609
526 608
525 607
524 606
523 605
522 604
521 603
520 602
519 601
518 600
517 599
516 598
515 597
514 596
513 595
512 594
511 593
510 592
509 591
508 590
507 589
506 588
505 587
504 586
503 585
502 584
501 583
500 582
499 581
498 580
497 579
496 578
495 577
494 576
493 575
492 574
491 573
490 572
489 571
488 570
487 569
486 568
485 567
484 566
483 565
482 564
481 563
480 562
479 561
478 560
477 559
476 558
475 557
474 556
473 555
472 554
471 553
470 552
469 551
468 550
467 549
466 548
465 547
464 546
463 545
462 544
461 543
460 542
459 541
458 540
457 539
456 538
455 537
454 536
453 535
452 534
451 533
450 532
449 531
448 530
447 529
446 528
445 527
444 526
443 525
442 524
441 523
440 522
439 521
438 520
437 519
436 518
435 517
434 516
433 515
432 514
431 513
430 512
429 511
428 510
427 509
426 508
425 507
424 506
423 505
422 504
421 503
420 502
419 501
418 500
417 499
416 498
415 497
414 496
413 495
412 494
411 493
410 492
409 491
408 490
407 489
406 488
405 487
404 486
403 485
402 484
401 483
400 482
399 481
398 480
397 479
396 478
395 477
394 476
393 475
392 474
391 473
390 472
389 471
388 470
387 469
386 468
385 467
384 466
383 465
382 464
381 463
380 462
379 461
378 460
377 459
376 458
375 457
374 456
373 455
372 454
371 453
370 452
369 451
368 450
367 449
366 448
365 447
364 446
363 445
362 444
361 443
360 442
359 441
358 440
357 439
356 438
355 437
354 436
353 435
352 434
351 433
350 432
349 431
348 430
347 429
346 428
345 427
344 426
343 425
342 424
341 423
340 422
339 421
338 420
337 419
336 418
335 417
334 416
333 415
332 414
331 413
330 412
329 411
328 410
327 409
326 408
325 407
324 406
323 405
322 404
321 403
320 402
319 401
318 400
317 399
316 398
315 397
314 396
313 395
312 394
311 393
310 392
309 391
308 390
307 389
306 388
305 387
304 386
303 385
302 384
301 383
300 382
299 381
298 380
297 379
296 378
295 377
294 376
293 375
292 374
291 373
290 372
289 371
288 370
287 369
286 368
285 367
284 366
283 365
282 364
281 363
280 362
279 361
278 360
277 359
276 358
275 357
274 356
273 355
272 354
271 353
270 352
269 351
268 350
267 349
266 348
265 347
264 346
263 345
262 344
261 343
260 342
259 341
258 340
257 339
256 338
255 337
254 336
253 335
252 334
251 333
250 332
249 331
248 330
247 329
246 328
245 327
244 326
243 325
242 324
241 323
240 322
239 321
238 320
237 319
236 318
235 317
234 316
233 315
232 314
231 313
230 312
229 311
228 310
227 309
226 308
225 307
224 306
223 305
222 304
221 303
220 302
219 301
218 300
217 299
216 298
215 297
214 296
213 295
212 294
211 293
210 292
209 291
208 290
207 289
206 288
205 287
204 286
203 285
202 284
201 283
200 282
199 281
198 280
197 279
196 278
195 277
194 276
193 275
192 274
191 273
190 272
189 271
188 270
187 269
186 268
185 267
184 266
183 265
182 264
181 263
180 262
179 261
178 260
177 259
176 258
175 257
174 256
173 255
172 254
171 253
170 252
169 251
168 250
167 249
166 248
165 247
164 246
163 245
162 244
161 243
160 242
159 241
158 240
157 239
156 238
155 237
154 236
153 235
152 234
151 233
150 232
149 231
148 230
147 229
146 228
145 227
144 226
143 225
142 224
141 223
140 222
139 221
138 220
137 219
136 218
135 217
134 216
133 215
132 214
131 213
130 212
129 211
128 210
127 209
126 208
125 207
124 206
123 205
122 204
121 203
120 202
119 201
118 200
117 199
116 198
115 197
114 196
113 195
112 194
111 193
110 192
109 191
108 190
107 189
106 188
105 187
104 186
103 185
102 184
101 183
100 182
99 181
98 180
97 179
96 178
95 177
94 176
93 175
92 174
91 173
90 172
89 171
88 170
87 169
86 168
85 167
84 166
83 165
82 164
81 163
80 162
79 161
78 160
77 159
76 158
75 157
74 156
73 155
72 154
71 153
70 152
69 151
68 150
67 149
66 148
65 147
64 146
63 145
62 144
61 143
60 142
59 141
58 140
57 139
56 138
55 137
54 136
53 135
52 134
51 133
50 132
49 131
48 130
47 129
46 128
45 127
44 126
43 125
42 124
41 123
40 122
39 121
38 120
37 119
36 118
35 117
34 116
33 115
32 114
31 113
30 112
29 111
28 110
27 109
26 108
25 107
24 106
23 105
22 104
21 103
20 102
19 101
18 100
17 99
16 98
15 97
14 96
13 95
12 94
11 93
10 92
9 91
8 90
7 89
6 88
5 87
4 86
3 85
2 84
1 83
0 82
1000 81
1000 80
1000 79
1000 78
1000 77
1000 76
1000 75
1000 74
1000 73
1000 72
1000 71
1000 70
1000 69
1000 68
1000 67
1000 66
1000 65
1000 64
1000 63
1000 62
1000 61
1000 60
1000 59
1000 58
1000 57
1000 56
1000 55
1000 54
1000 53
1000 52
1000 51
1000 50
1000 49
1000 48
1000 47
1000 46
1000 45
1000 44
1000 43
1000 42
1000 41
1000 40
1000 39
1000 38
1000 37
1000 36
1000 35
1000 34
1000 33
1000 32
1000 31
1000 30
1000 29
1000 28
1000 27
1000 26
1000 25
1000 24
1000 23
1000 22
1000 21
1000 20
1000 19
1000 18
1000 17
1000 16
1000 15
1000 14
1000 13
1000 12
1000 11
1000 10
1000 9
1000 8
1000 7
1000 6
1000 5
1000 4
1000 3
1000 2
1000 1
1000 0
1000 1000
1000 1000
1000 1000
1000 1000
1000 1000
1000 1000
1000 1000
1000 1000
1000 1000
1000 1000
1000 1000
1000 1000
1000 1000
1000 1000
1000 1000
1000 1000
1000 1000
1000 1000
1000 1000
1000 1000
1000 1000
1000 1000
1000 1000
1000 1000
1000 1000
1000 1000
1000 1000
1000 1000
1000 1000
1000 1000
1000 1000
1000 1000
1000 1000
1000 1000
1000 1000
1000 1000
1000 1000
1000 1000
1000 1000
1000 1000
1000 1000
1000 1000
1000 1000
1000 1000
1000 1000
1000 1000
1000 1000
1000 1000
1000 1000
1000 1000
1000 1000
1000 1000
1000 1000
1000 1000
1000 1000
1000 1000
1000 1000
1000 1000
1000 1000
1000 1000
1000 1000
1000 1000
1000 1000
1000 1000
1000 1000
1000 1000
1000 1000
1000 1000
1000 1000
1000 1000
1000 1000
1000 1000
1000 1000
1000 1000
1000 1000
1000 1000
1000 1000
1000 1000
1000 1000
1000 1000
1000 1000
1000 1000
1000 1000
1000 1000
1000 1000
1000 1000
1000 1000
1000 1000
1000 1000
1000 1000
1000 1000
1000 1000
1000 1000
1000 1000
1000 1000
1000 1000
1000 1000
1000 1000
1000 1000
1000 1000
1000 1000
1000 1000
1000 1000
1000 1000
1000 1000
1000 1000
1000 1000
1000 1000
1000 1000
1000 1000
1000 1000
1000 1000
1000 1000
1000 1000
1000 1000
1000 1000
1000 1000
1000 1000
1000 1000
1000 1000
1000 1000
1000 1000
1000 1000
1000 1000
1000 1000
1000 1000
1000 1000
1000 1000
1000 1000
1000 1000
1000 1000
1000 1000
1000 1000
1000 1000
1000 1000
1000 1000
1000 1000
1000 1000
1000 1000
1000 1000
1000 1000
1000 1000
1000 1000
1000 1000
1000 1000
1000 1000
1000 1000
1000 1000
1000 1000
1000 1000
1000 1000
1000 1000
1000 1000
1000 1000
1000 1000
1000 1000
1000 1000
1000 1000
1000 1000
1000 1000
1000 1000
1000 1000
1000 1000
1000 1000
1000 1000
1000 1000
1000 1000
1000 1000
1000 1000
1000 1000
1000 1000
1000 1000
1000 1000
1000 1000
1000 1000
1000 1000
1000 1000
1000 1000
1000 1000
1000 1000
1000 1000
1000 1000
1000 1000
1000 1000
1000 1000
1000 1000
1000 1000
1000 1000
1000 1000
1000 1000
1000 1000
1000 1000
1000 1000
1000 1000
1000 1000
1000 1000
1000 1000
1000 1000
1000 1000
1000 1000
1000 1000
1000 1000
1000 1000
1000 1000
1000 1000
1000 1000
1000 1000
1000 1000
1000 1000
1000 1000
1000 1000
1000 1000
1000 1000
1000 1000
1000 1000
1000 1000
1000 1000
1000 1000
1000 1000
1000 1000
1000 1000
1000 1000
1000 1000
1000 1000
1000 1000
1000 1000
1000 1000
1000 1000
1000 1000
1000 1000
1000 1000
1000 1000
1000 1000
1000 1000
1000 1000
1000 1000
1000 1000
1000 1000
1000 1000
1000 1000
1000 1000
1000 1000
1000 1000
1000 1000
1000 1000
1000 1000
1000 1000
1000 1000
1000 1000
1000 1000
1000 1000
1000 1000
1000 1000
1000 1000
1000 1000
1000 1000
1000 1000
1000 1000
1000 1000
1000 1000
1000 1000
1000 1000
1000 1000
1000 1000
1000 1000
1000 1000
1000 1000
1000 1000
1000 1000
1000 1000
1000 1000
1000 1000
1000 1000
1000 1000
1000 1000
1000 1000
1000 1000
1000 1000
1000 1000
1000 1000
1000 1000
1000 1000
1000 1000
1000 1000
1000 1000
1000 1000
1000 1000
1000 1000
1000 1000
1000 1000
1000 1000
1000 1000
1000 1000
1000 1000
1000 1000
1000 1000
1000 1000
1000 1000
1000 1000
1000 1000
1000 1000
1000 1000
1000 1000
1000 1000
1000 1000
1000 1000
1000 1000
1000 1000
1000 1000
1000 1000
1000 1000
1000 1000
1000 1000
1000 1000
1000 1000
1000 1000
1000 1000
1000 1000
1000 1000
1000 1000
1000 1000
1000 1000
1000 1000
1000 1000
1000 1000
1000 1000
1000 1000
1000 1000
1000 1000
1000 1000
1000 1000
1000 1000
1000 1000
1000 1000
1000 1000
1000 1000
1000 1000
1000 1000
1000 1000
1000 1000
1000 1000
1000 1000
1000 1000
1000 1000
1000 1000
1000 1000
1000 1000
1000 1000
1000 1000
1000 1000
1000 1000
1000 1000
1000 1000
1000 1000
1000 1000
1000 1000
1000 1000
1000 1000
1000 1000
1000 1000
1000 1000
1000 1000
1000 1000
1000 1000
1000 1000
1000 1000
1000 1000
1000 1000
1000 1000
1000 1000
1000 1000
1000 1000
1000 1000
1000 1000
1000 1000
1000 1000
1000 1000
1000 1000
1000 1000
1000 1000
1000 1000
1000 1000
1000 1000
1000 1000
1000 1000
1000 1000
1000 1000
1000 1000
1000 1000
1000 1000
1000 1000
1000 1000
1000 1000
1000 1000
1000 1000
1000 1000
1000 1000
1000 1000
1000 1000
1000 1000
1000 1000
1000 1000
1000 1000
1000 1000
1000 1000
1000 1000
1000 1000
1000 1000
1000 1000
1000 1000
1000 1000
1000 1000
1000 1000
1000 1000
1000 1000
1000 1000
1000 1000
1000 1000
1000 1000
1000 1000
1000 1000
1000 1000
1000 1000
1000 1000
1000 1000
1000 1000
1000 1000
1000 1000
1000 1000
1000 1000
1000 1000
1000 1000
1000 1000
1000 1000
1000 1000
1000 1000
1000 1000
1000 1000
1000 1000
1000 1000
1000 1000
1000 1000
1000 1000
1000 1000
1000 1000
1000 1000
1000 1000
1000 1000
1000 1000
1000 1000
1000 1000
1000 1000
1000 1000
1000 1000
1000 1000
1000 1000
1000 1000
1000 1000
1000 1000
1000 1000
1000 1000
1000 1000
1000 1000
1000 1000
1000 1000
1000 1000
1000 1000
1000 1000
1000 1000
1000 1000
1000 1000
1000 1000
1000 1000
1000 1000
1000 1000
1000 1000
1000 1000
1000 1000
1000 1000
1000 1000
1000 1000
1000 1000
1000 1000
1000 1000
1000 1000
1000 1000
1000 1000
1000 1000
1000 1000
1000 1000
1000 1000
1000 1000
1000 1000
1000 1000
1000 1000
1000 1000
1000 1000
1000 1000
1000 1000
1000 1000
1000 1000
1000 1000
1000 1000
1000 1000
1000 1000
1000 1000
1000 1000
1000 1000
1000 1000
1000 1000
1000 1000
1000 1000
1000 1000
1000 1000
1000 1000
1000 1000
1000 1000
1000 1000
1000 1000
1000 1000
1000 1000
1000 1000
1000 1000
1000 1000
1000 1000
1000 1000
1000 1000
1000 1000
1000 1000
1000 1000
1000 1000
1000 1000
1000 1000
1000 1000
1000 1000
1000 1000
1000 1000
1000 1000
1000 1000
1000 1000
1000 1000
1000 1000
1000 1000
1000 1000
1000 1000
1000 1000
1000 1000
1000 1000
1000 1000
1000 1000
1000 1000
1000 1000
1000 1000
1000 1000
1000 1000
1000 1000
1000 1000
1000 1000
1000 1000
1000 1000
1000 1000
1000 1000
1000 1000
1000 1000
1000 1000
1000 1000
1000 1000
1000 1000
1000 1000
1000 1000
1000 1000
1000 1000
1000 1000
1000 1000
1000 1000
1000 1000
1000 1000
1000 1000
1000 1000
1000 1000
1000 1000
1000 1000
1000 1000
1000 1000
1000 1000
1000 1000
1000 1000
1000 1000
1000 1000
1000 1000
1000 1000
1000 1000
1000 1000
1000 1000
1000 1000
1000 1000
1000 1000
1000 1000
1000 1000
1000 1000
1000 1000
1000 1000
1000 1000
1000 1000
1000 1000
1000 1000
1000 1000
1000 1000
1000 1000
1000 1000
1000 1000
1000 1000
1000 1000
1000 1000
1000 1000
1000 1000
1000 1000
1000 1000
1000 1000
1000 1000
1000 1000
1000 1000
1000 1000
1000 1000
1000 1000
1000 1000
1000 1000
1000 1000
1000 1000
1000 1000
1000 1000
1000 1000
1000 1000
1000 1000
1000 1000
1000 1000
1000 1000
1000 1000
1000 1000
1000 1000
1000 1000
1000 1000
1000 1000
1000 1000
1000 1000
1000 1000
1000 1000
1000 1000
1000 1000
1000 1000
1000 1000
1000 1000
1000 1000
1000 1000
1000 1000
1000 1000
1000 1000
1000 1000
1000 1000
1000 1000
1000 1000
1000 1000
1000 1000
1000 1000
1000 1000
1000 1000
1000 1000
1000 1000
1000 1000
1000 1000
1000 1000
1000 1000
1000 1000
1000 1000
1000 1000
1000 1000
1000 1000
1000 1000
1000 1000
1000 1000
1000 1000
1000 1000
1000 1000
1000 1000
1000 1000
1000 1000
1000 1000
1000 1000
1000 1000
1000 1000
1000 1000
1000 1000
1000 1000
1000 1000
1000 1000
1000 1000
1000 1000
1000 1000
1000 1000
1000 1000
1000 1000
1000 1000
1000 1000
1000 1000
1000 1000
1000 1000
1000 1000
1000 1000
1000 1000
1000 1000
1000 1000
1000 1000
1000 1000
1000 1000
1000 1000
1000 1000
1000 1000
1000 1000
1000 1000
1000 1000
1000 1000
1000 1000
1000 1000
1000 1000
1000 1000
1000 1000
1000 1000
1000 1000
1000 1000
1000 1000
1000 1000
1000 1000
1000 1000
1000 1000
1000 1000
1000 1000
1000 1000
1000 1000
1000 1000
1000 1000
1000 1000
1000 1000
1000 1000
1000 1000
1000 1000
1000 1000
1000 1000
1000 1000
1000 1000
1000 1000
1000 1000
1000 1000
1000 1000
1000 1000
1000 1000
1000 1000
1000 1000
1000 1000
1000 1000
1000 1000
1000 1000
1000 1000
1000 1000
1000 1000
1000 1000
1000 1000
1000 1000
1000 1000
1000 1000
1000 1000
1000 1000
1000 1000
1000 1000
1000 1000
1000 1000
1000 1000
1000 1000
1000 1000
1000 1000
1000 1000
1000 1000
1000 1000
1000 1000
1000 1000
1000 1000
1000 1000
1000 1000
1000 1000
1000 1000
1000 1000
1000 1000
1000 1000
1000 1000
1000 1000
1000 1000
1000 1000
1000 1000
1000 1000
1000 1000
1000 1000
1000 1000
1000 1000
1000 1000
1000 1000
1000 1000
1000 1000
1000 1000
1000 1000
1000 1000
1000 1000
1000 1000
1000 1000
1000 1000
1000 1000
1000 1000
1000 1000
1000 1000
1000 1000
1000 1000
1000 1000
1000 1000
1000 1000
1000 1000
1000 1000
1000 1000
1000 1000
1000 1000
1000 1000
1000 1000
1000 1000
1000 1000
1000 1000
1000 1000
1000 1000
1000 1000
1000 1000
1000 1000
1000 1000
1000 1000
1000 1000
1000 1000
1000 1000
1000 1000
1000 1000
1000 1000
1000 1000
1000 1000
1000 1000
1000 1000
1000 1000
1000 1000
1000 1000
1000 1000
1000 1000
1000 1000
1000 1000
1000 1000
1000 1000
1000 1000
1000 1000
1000 1000
1000 1000
1000 1000
1000 1000
1000 1000
1000 1000
1000 1000
1000 1000
1000 1000
1000 1000
1000 1000
1000 1000
1000 1000
1000 1000
1000 1000
1000 1000
1000 1000
1000 1000
1000 1000
1000 1000
1000 1000
1000 1000
1000 1000
1000 1000
1000 1000
1000 1000
1000 1000
1000 1000
1000 1000
1000 1000
1000 1000
1000 1000
1000 1000
1000 1000
1000 1000
1000 1000
1000 1000
1000 1000
1000 1000
1000 1000
1000 1000
1000 1000
1000 1000
1000 1000
1000 1000
1000 1000
1000 1000
1000 1000
1000 1000
1000 1000
1000 1000
1000 1000
1000 1000
1000 1000
1000 1000
1000 1000
1000 1000
1000 1000
1000 1000
1000 1000
1000 1000
1000 1000
1000 1000
1000 1000
1000 1000
1000 1000
1000 1000
1000 1000
1000 1000
1000 1000
1000 1000
1000 1000
1000 1000
1000 1000
1000 1000
1000 1000
1000 1000
1000 1000
1000 1000
1000 1000
1000 1000
1000 1000
1000 1000
1000 1000
1000 1000
1000 1000
1000 1000
1000 1000
1000 1000
1000 1000
1000 1000
1000 1000
1000 1000
1000 1000
1000 1000
1000 1000
1000 1000
1000 1000
1000 1000
1000 1000
1000 1000
1000 1000
1000 1000
1000 1000
1000 1000
1000 1000
1000 1000
1000 1000
1000 1000
1000 1000
1000 1000
1000 1000
1000 1000
1000 1000
1000 1000
1000 1000
1000 1000
1000 1000
1000 1000
1000 1000
1000 1000
1000 1000
1000 1000
1000 1000
1000 1000
1000 1000
1000 1000
1000 1000
1000 1000
1000 1000
1000 1000
1000 1000
1000 1000
1000 1000
1000 1000
1000 1000
1000 1000
1000 1000
1000 1000
1000 1000
