1081 1279
1080 1278
1079 1277
1078 1276
1077 1275
1076 1274
1075 1273
1074 1272
1073 1271
1072 1270
1071 1269
1070 1268
1069 1267
1068 1266
1067 1265
1066 1264
1065 1263
1064 1262
1063 1261
1062 1260
1061 1259
1060 1258
1059 1257
1058 1256
1057 1255
1056 1254
1055 1253
1054 1252
1053 1251
1052 1250
1051 1249
1050 1248
1049 1247
1048 1246
1047 1245
1046 1244
1045 1243
1044 1242
1043 1241
1042 1240
1041 1239
1040 1238
1039 1237
1038 1236
1037 1235
1036 1234
1035 1233
1034 1232
1033 1231
1032 1230
1031 1229
1030 1228
1029 1227
1028 1226
1027 1225
1026 1224
1025 1223
1024 1222
1023 1221
1022 1220
1021 1219
1020 1218
1019 1217
1018 1216
1017 1215
1016 1214
1015 1213
1014 1212
1013 1211
1012 1210
1011 1209
1010 1208
1009 1207
1008 1206
1007 1205
1006 1204
1005 1203
1004 1202
1003 1201
1002 1200
1001 1199
1000 1198
999 1197
998 1196
997 1195
996 1194
995 1193
994 1192
993 1191
992 1190
991 1189
990 1188
989 1187
988 1186
987 1185
986 1184
985 1183
984 1182
983 1181
982 1180
981 1179
980 1178
979 1177
978 1176
977 1175
976 1174
975 1173
974 1172
973 1171
972 1170
971 1169
970 1168
969 1167
968 1166
967 1165
966 1164
965 1163
964 1162
963 1161
962 1160
961 1159
960 1158
959 1157
958 1156
957 1155
956 1154
955 1153
954 1152
953 1151
952 1150
951 1149
950 1148
949 1147
948 1146
947 1145
946 1144
945 1143
944 1142
943 1141
942 1140
941 1139
940 1138
939 1137
938 1136
937 1135
936 1134
935 1133
934 1132
933 1131
932 1130
931 1129
930 1128
929 1127
928 1126
927 1125
926 1124
925 1123
924 1122
923 1121
922 1120
921 1119
920 1118
919 1117
918 1116
917 1115
916 1114
915 1113
914 1112
913 1111
912 1110
911 1109
910 1108
909 1107
908 1106
907 1105
906 1104
905 1103
904 1102
903 1101
902 1100
901 1099
900 1098
899 1097
898 1096
897 1095
896 1094
895 1093
894 1092
893 1091
892 1090
891 1089
890 1088
889 1087
888 1086
887 1085
886 1084
885 1083
884 1082
883 1081
882 1080
881 1079
880 1078
879 1077
878 1076
877 1075
876 1074
875 1073
874 1072
873 1071
872 1070
871 1069
870 1068
869 1067
868 1066
867 1065
866 1064
865 1063
864 1062
863 1061
862 1060
861 1059
860 1058
859 1057
858 1056
857 1055
856 1054
855 1053
854 1052
853 1051
852 1050
851 1049
850 1048
849 1047
848 1046
847 1045
846 1044
845 1043
844 1042
843 1041
842 1040
841 1039
840 1038
839 1037
838 1036
837 1035
836 1034
835 1033
834 1032
833 1031
832 1030
831 1029
830 1028
829 1027
828 1026
827 1025
826 1024
825 1023
824 1022
823 1021
822 1020
821 1019
820 1018
819 1017
818 1016
817 1015
816 1014
815 1013
814 1012
813 1011
812 1010
811 1009
810 1008
809 1007
808 1006
807 1005
806 1004
805 1003
804 1002
803 1001
802 1000
801 999
800 998
799 997
798 996
797 995
796 994
795 993
794 992
793 991
792 990
791 989
790 988
789 987
788 986
787 985
786 984
785 983
784 982
783 981
782 980
781 979
780 978
779 977
778 976
777 975
776 974
775 973
774 972
773 971
772 970
771 969
770 968
769 967
768 966
767 965
766 964
765 963
764 962
763 961
762 960
761 959
760 958
759 957
758 956
757 955
756 954
755 953
754 952
753 951
752 950
751 949
750 948
749 947
748 946
747 945
746 944
745 943
744 942
743 941
742 940
741 939
740 938
739 937
738 936
737 935
736 934
735 933
734 932
733 931
732 930
731 929
730 928
729 927
728 926
727 925
726 924
725 923
724 922
723 921
722 920
721 919
720 918
719 917
718 916
717 915
716 914
715 913
714 912
713 911
712 910
711 909
710 908
709 907
708 906
707 905
706 904
705 903
704 902
703 901
702 900
701 899
700 898
699 897
698 896
697 895
696 894
695 893
694 892
693 891
692 890
691 889
690 888
689 887
688 886
687 885
686 884
685 883
684 882
683 881
682 880
681 879
680 878
679 877
678 876
677 875
676 874
675 873
674 872
673 871
672 870
671 869
670 868
669 867
668 866
667 865
666 864
665 863
664 862
663 861
662 860
661 859
660 858
659 857
658 856
657 855
656 854
655 853
654 852
653 851
652 850
651 849
650 848
649 847
648 846
647 845
646 844
645 843
644 842
643 841
642 840
641 839
640 838
639 837
638 836
637 835
636 834
635 833
634 832
633 831
632 830
631 829
630 828
629 827
628 826
627 825
626 824
625 823
624 822
623 821
622 820
621 819
620 818
619 817
618 816
617 815
616 814
615 813
614 812
613 811
612 810
611 809
610 808
609 807
608 806
607 805
606 804
605 803
604 802
603 801
602 800
601 799
600 798
599 797
598 796
597 795
596 794
595 793
594 792
593 791
592 790
591 789
590 788
589 787
588 786
587 785
586 784
585 783
584 782
583 781
582 780
581 779
580 778
579 777
578 776
577 775
576 774
575 773
574 772
573 771
572 770
571 769
570 768
569 767
568 766
567 765
566 764
565 763
564 762
563 761
562 760
561 759
560 758
559 757
558 756
557 755
556 754
555 753
554 752
553 751
552 750
551 749
550 748
549 747
548 746
547 745
546 744
545 743
544 742
543 741
542 740
541 739
540 738
539 737
538 736
537 735
536 734
535 733
534 732
533 731
532 730
531 729
530 728
529 727
528 726
527 725
526 724
525 723
524 722
523 721
522 720
521 719
520 718
519 717
518 716
517 715
516 714
515 713
514 712
513 711
512 710
511 709
510 708
509 707
508 706
507 705
506 704
505 703
504 702
503 701
502 700
501 699
500 698
499 697
498 696
497 695
496 694
495 693
494 692
493 691
492 690
491 689
490 688
489 687
488 686
487 685
486 684
485 683
484 682
483 681
482 680
481 679
480 678
479 677
478 676
477 675
476 674
475 673
474 672
473 671
472 670
471 669
470 668
469 667
468 666
467 665
466 664
465 663
464 662
463 661
462 660
461 659
460 658
459 657
458 656
457 655
456 654
455 653
454 652
453 651
452 650
451 649
450 648
449 647
448 646
447 645
446 644
445 643
444 642
443 641
442 640
441 639
440 638
439 637
438 636
437 635
436 634
435 633
434 632
433 631
432 630
431 629
430 628
429 627
428 626
427 625
426 624
425 623
424 622
423 621
422 620
421 619
420 618
419 617
418 616
417 615
416 614
415 613
414 612
413 611
412 610
411 609
410 608
409 607
408 606
407 605
406 604
405 603
404 602
403 601
402 600
401 599
400 598
399 597
398 596
397 595
396 594
395 593
394 592
393 591
392 590
391 589
390 588
389 587
388 586
387 585
386 584
385 583
384 582
383 581
382 580
381 579
380 578
379 577
378 576
377 575
376 574
375 573
374 572
373 571
372 570
371 569
370 568
369 567
368 566
367 565
366 564
365 563
364 562
363 561
362 560
361 559
360 558
359 557
358 556
357 555
356 554
355 553
354 552
353 551
352 550
351 549
350 548
349 547
348 546
347 545
346 544
345 543
344 542
343 541
342 540
341 539
340 538
339 537
338 536
337 535
336 534
335 533
334 532
333 531
332 530
331 529
330 528
329 527
328 526
327 525
326 524
325 523
324 522
323 521
322 520
321 519
320 518
319 517
318 516
317 515
316 514
315 513
314 512
313 511
312 510
311 509
310 508
309 507
308 506
307 505
306 504
305 503
304 502
303 501
302 500
301 499
300 498
299 497
298 496
297 495
296 494
295 493
294 492
293 491
292 490
291 489
290 488
289 487
288 486
287 485
286 484
285 483
284 482
283 481
282 480
281 479
280 478
279 477
278 476
277 475
276 474
275 473
274 472
273 471
272 470
271 469
270 468
269 467
268 466
267 465
266 464
265 463
264 462
263 461
262 460
261 459
260 458
259 457
258 456
257 455
256 454
255 453
254 452
253 451
252 450
251 449
250 448
249 447
248 446
247 445
246 444
245 443
244 442
243 441
242 440
241 439
240 438
239 437
238 436
237 435
236 434
235 433
234 432
233 431
232 430
231 429
230 428
229 427
228 426
227 425
226 424
225 423
224 422
223 421
222 420
221 419
220 418
219 417
218 416
217 415
216 414
215 413
214 412
213 411
212 410
211 409
210 408
209 407
208 406
207 405
206 404
205 403
204 402
203 401
202 400
201 399
200 398
199 397
198 396
197 395
196 394
195 393
194 392
193 391
192 390
191 389
190 388
189 387
188 386
187 385
186 384
185 383
184 382
183 381
182 380
181 379
180 378
179 377
178 376
177 375
176 374
175 373
174 372
173 371
172 370
171 369
170 368
169 367
168 366
167 365
166 364
165 363
164 362
163 361
162 360
161 359
160 358
159 357
158 356
157 355
156 354
155 353
154 352
153 351
152 350
151 349
150 348
149 347
148 346
147 345
146 344
145 343
144 342
143 341
142 340
141 339
140 338
139 337
138 336
137 335
136 334
135 333
134 332
133 331
132 330
131 329
130 328
129 327
128 326
127 325
126 324
125 323
124 322
123 321
122 320
121 319
120 318
119 317
118 316
117 315
116 314
115 313
114 312
113 311
112 310
111 309
110 308
109 307
108 306
107 305
106 304
105 303
104 302
103 301
102 300
101 299
100 298
99 297
98 296
97 295
96 294
95 293
94 292
93 291
92 290
91 289
90 288
89 287
88 286
87 285
86 284
85 283
84 282
83 281
82 280
81 279
80 278
79 277
78 276
77 275
76 274
75 273
74 272
73 271
72 270
71 269
70 268
69 267
68 266
67 265
66 264
65 263
64 262
63 261
62 260
61 259
60 258
59 257
58 256
57 255
56 254
55 253
54 252
53 251
52 250
51 249
50 248
49 247
48 246
47 245
46 244
45 243
44 242
43 241
42 240
41 239
40 238
39 237
38 236
37 235
36 234
35 233
34 232
33 231
32 230
31 229
30 228
29 227
28 226
27 225
26 224
25 223
24 222
23 221
22 220
21 219
20 218
19 217
18 216
17 215
16 214
15 213
14 212
13 211
12 210
11 209
10 208
9 207
8 206
7 205
6 204
5 203
4 202
3 201
2 200
1 199
0 198
2294 197
2293 196
2292 195
2291 194
2290 193
2289 192
2288 191
2287 190
2286 189
2285 188
2284 187
2283 186
2282 185
2281 184
2280 183
2279 182
2278 181
2277 180
2276 179
2275 178
2274 177
2273 176
2272 175
2271 174
2270 173
2269 172
2268 171
2267 170
2266 169
2265 168
2264 167
2263 166
2262 165
2261 164
2260 163
2259 162
2258 161
2257 160
2256 159
2255 158
2254 157
2253 156
2252 155
2251 154
2250 153
2249 152
2248 151
2247 150
2246 149
2245 148
2244 147
2243 146
2242 145
2241 144
2240 143
2239 142
2238 141
2237 140
2236 139
2235 138
2234 137
2233 136
2232 135
2231 134
2230 133
2229 132
2228 131
2227 130
2226 129
2225 128
2224 127
2223 126
2222 125
2221 124
2220 123
2219 122
2218 121
2217 120
2216 119
2215 118
2214 117
2213 116
2212 115
2211 114
2210 113
2209 112
2208 111
2207 110
2206 109
2205 108
2204 107
2203 106
2202 105
2201 104
2200 103
2199 102
2198 101
2197 100
2196 99
2195 98
2194 97
2193 96
2192 95
2191 94
2190 93
2189 92
2188 91
2187 90
2186 89
2185 88
2184 87
2183 86
2182 85
2181 84
2180 83
2179 82
2178 81
2177 80
2176 79
2175 78
2174 77
2173 76
2172 75
2171 74
2170 73
2169 72
2168 71
2167 70
2166 69
2165 68
2164 67
2163 66
2162 65
2161 64
2160 63
2159 62
2158 61
2157 60
2156 59
2155 58
2154 57
2153 56
2152 55
2151 54
2150 53
2149 52
2148 51
2147 50
2146 49
2145 48
2144 47
2143 46
2142 45
2141 44
2140 43
2139 42
2138 41
2137 40
2136 39
2135 38
2134 37
2133 36
2132 35
2131 34
2130 33
2129 32
2128 31
2127 30
2126 29
2125 28
2124 27
2123 26
2122 25
2121 24
2120 23
2119 22
2118 21
2117 20
2116 19
2115 18
2114 17
2113 16
2112 15
2111 14
2110 13
2109 12
2108 11
2107 10
2106 9
2105 8
2104 7
2103 6
2102 5
2101 4
2100 3
2099 2
2098 1
2097 0
2096 2279
2095 2278
2094 2277
2093 2276
2092 2275
2091 2274
2090 2273
2089 2272
2088 2271
2087 2270
2086 2269
2085 2268
2084 2267
2083 2266
2082 2265
2081 2264
2080 2263
2079 2262
2078 2261
2077 2260
2076 2259
2075 2258
2074 2257
2073 2256
2072 2255
2071 2254
2070 2253
2069 2252
2068 2251
2067 2250
2066 2249
2065 2248
2064 2247
2063 2246
2062 2245
2061 2244
2060 2243
2059 2242
2058 2241
2057 2240
2056 2239
2055 2238
2054 2237
2053 2236
2052 2235
2051 2234
2050 2233
2049 2232
2048 2231
2047 2230
2046 2229
2045 2228
2044 2227
2043 2226
2042 2225
2041 2224
2040 2223
2039 2222
2038 2221
2037 2220
2036 2219
2035 2218
2034 2217
2033 2216
2032 2215
2031 2214
2030 2213
2029 2212
2028 2211
2027 2210
2026 2209
2025 2208
2024 2207
2023 2206
2022 2205
2021 2204
2020 2203
2019 2202
2018 2201
2017 2200
2016 2199
2015 2198
2014 2197
2013 2196
2012 2195
2011 2194
2010 2193
2009 2192
2008 2191
2007 2190
2006 2189
2005 2188
2004 2187
2003 2186
2002 2185
2001 2184
2000 2183
1999 2182
1998 2181
1997 2180
1996 2179
1995 2178
1994 2177
1993 2176
1992 2175
1991 2174
1990 2173
1989 2172
1988 2171
1987 2170
1986 2169
1985 2168
1984 2167
1983 2166
1982 2165
1981 2164
1980 2163
1979 2162
1978 2161
1977 2160
1976 2159
1975 2158
1974 2157
1973 2156
1972 2155
1971 2154
1970 2153
1969 2152
1968 2151
1967 2150
1966 2149
1965 2148
1964 2147
1963 2146
1962 2145
1961 2144
1960 2143
1959 2142
1958 2141
1957 2140
1956 2139
1955 2138
1954 2137
1953 2136
1952 2135
1951 2134
1950 2133
1949 2132
1948 2131
1947 2130
1946 2129
1945 2128
1944 2127
1943 2126
1942 2125
1941 2124
1940 2123
1939 2122
1938 2121
1937 2120
1936 2119
1935 2118
1934 2117
1933 2116
1932 2115
1931 2114
1930 2113
1929 2112
1928 2111
1927 2110
1926 2109
1925 2108
1924 2107
1923 2106
1922 2105
1921 2104
1920 2103
1919 2102
1918 2101
1917 2100
1916 2099
1915 2098
1914 2097
1913 2096
1912 2095
1911 2094
1910 2093
1909 2092
1908 2091
1907 2090
1906 2089
1905 2088
1904 2087
1903 2086
1902 2085
1901 2084
1900 2083
1899 2082
1898 2081
1897 2080
1896 2079
1895 2078
1894 2077
1893 2076
1892 2075
1891 2074
1890 2073
1889 2072
1888 2071
1887 2070
1886 2069
1885 2068
1884 2067
1883 2066
1882 2065
1881 2064
1880 2063
1879 2062
1878 2061
1877 2060
1876 2059
1875 2058
1874 2057
1873 2056
1872 2055
1871 2054
1870 2053
1869 2052
1868 2051
1867 2050
1866 2049
1865 2048
1864 2047
1863 2046
1862 2045
1861 2044
1860 2043
1859 2042
1858 2041
1857 2040
1856 2039
1855 2038
1854 2037
1853 2036
1852 2035
1851 2034
1850 2033
1849 2032
1848 2031
1847 2030
1846 2029
1845 2028
1844 2027
1843 2026
1842 2025
1841 2024
1840 2023
1839 2022
1838 2021
1837 2020
1836 2019
1835 2018
1834 2017
1833 2016
1832 2015
1831 2014
1830 2013
1829 2012
1828 2011
1827 2010
1826 2009
1825 2008
1824 2007
1823 2006
1822 2005
1821 2004
1820 2003
1819 2002
1818 2001
1817 2000
1816 1999
1815 1998
1814 1997
1813 1996
1812 1995
1811 1994
1810 1993
1809 1992
1808 1991
1807 1990
1806 1989
1805 1988
1804 1987
1803 1986
1802 1985
1801 1984
1800 1983
1799 1982
1798 1981
1797 1980
1796 1979
1795 1978
1794 1977
1793 1976
1792 1975
1791 1974
1790 1973
1789 1972
1788 1971
1787 1970
1786 1969
1785 1968
1784 1967
1783 1966
1782 1965
1781 1964
1780 1963
1779 1962
1778 1961
1777 1960
1776 1959
1775 1958
1774 1957
1773 1956
1772 1955
1771 1954
1770 1953
1769 1952
1768 1951
1767 1950
1766 1949
1765 1948
1764 1947
1763 1946
1762 1945
1761 1944
1760 1943
1759 1942
1758 1941
1757 1940
1756 1939
1755 1938
1754 1937
1753 1936
1752 1935
1751 1934
1750 1933
1749 1932
1748 1931
1747 1930
1746 1929
1745 1928
1744 1927
1743 1926
1742 1925
1741 1924
1740 1923
1739 1922
1738 1921
1737 1920
1736 1919
1735 1918
1734 1917
1733 1916
1732 1915
1731 1914
1730 1913
1729 1912
1728 1911
1727 1910
1726 1909
1725 1908
1724 1907
1723 1906
1722 1905
1721 1904
1720 1903
1719 1902
1718 1901
1717 1900
1716 1899
1715 1898
1714 1897
1713 1896
1712 1895
1711 1894
1710 1893
1709 1892
1708 1891
1707 1890
1706 1889
1705 1888
1704 1887
1703 1886
1702 1885
1701 1884
1700 1883
1699 1882
1698 1881
1697 1880
1696 1879
1695 1878
1694 1877
1693 1876
1692 1875
1691 1874
1690 1873
1689 1872
1688 1871
1687 1870
1686 1869
1685 1868
1684 1867
1683 1866
1682 1865
1681 1864
1680 1863
1679 1862
1678 1861
1677 1860
1676 1859
1675 1858
1674 1857
1673 1856
1672 1855
1671 1854
1670 1853
1669 1852
1668 1851
1667 1850
1666 1849
1665 1848
1664 1847
1663 1846
1662 1845
1661 1844
1660 1843
1659 1842
1658 1841
1657 1840
1656 1839
1655 1838
1654 1837
1653 1836
1652 1835
1651 1834
1650 1833
1649 1832
1648 1831
1647 1830
1646 1829
1645 1828
1644 1827
1643 1826
1642 1825
1641 1824
1640 1823
1639 1822
1638 1821
1637 1820
1636 1819
1635 1818
1634 1817
1633 1816
1632 1815
1631 1814
1630 1813
1629 1812
1628 1811
1627 1810
1626 1809
1625 1808
1624 1807
1623 1806
1622 1805
1621 1804
1620 1803
1619 1802
1618 1801
1617 1800
1616 1799
1615 1798
1614 1797
1613 1796
1612 1795
1611 1794
1610 1793
1609 1792
1608 1791
1607 1790
1606 1789
1605 1788
1604 1787
1603 1786
1602 1785
1601 1784
1600 1783
1599 1782
1598 1781
1597 1780
1596 1779
1595 1778
1594 1777
1593 1776
1592 1775
1591 1774
1590 1773
1589 1772
1588 1771
1587 1770
1586 1769
1585 1768
1584 1767
1583 1766
1582 1765
1581 1764
1580 1763
1579 1762
1578 1761
1577 1760
1576 1759
1575 1758
1574 1757
1573 1756
1572 1755
1571 1754
1570 1753
1569 1752
1568 1751
1567 1750
1566 1749
1565 1748
1564 1747
1563 1746
1562 1745
1561 1744
1560 1743
1559 1742
1558 1741
1557 1740
1556 1739
1555 1738
1554 1737
1553 1736
1552 1735
1551 1734
1550 1733
1549 1732
1548 1731
1547 1730
1546 1729
1545 1728
1544 1727
1543 1726
1542 1725
1541 1724
1540 1723
1539 1722
1538 1721
1537 1720
1536 1719
1535 1718
1534 1717
1533 1716
1532 1715
1531 1714
1530 1713
1529 1712
1528 1711
1527 1710
1526 1709
1525 1708
1524 1707
1523 1706
1522 1705
1521 1704
1520 1703
1519 1702
1518 1701
1517 1700
1516 1699
1515 1698
1514 1697
1513 1696
1512 1695
1511 1694
1510 1693
1509 1692
1508 1691
1507 1690
1506 1689
1505 1688
1504 1687
1503 1686
1502 1685
1501 1684
1500 1683
1499 1682
1498 1681
1497 1680
1496 1679
1495 1678
1494 1677
1493 1676
1492 1675
1491 1674
1490 1673
1489 1672
1488 1671
1487 1670
1486 1669
1485 1668
1484 1667
1483 1666
1482 1665
1481 1664
1480 1663
1479 1662
1478 1661
1477 1660
1476 1659
1475 1658
1474 1657
1473 1656
1472 1655
1471 1654
1470 1653
1469 1652
1468 1651
1467 1650
1466 1649
1465 1648
1464 1647
1463 1646
1462 1645
1461 1644
1460 1643
1459 1642
1458 1641
1457 1640
1456 1639
1455 1638
1454 1637
1453 1636
1452 1635
1451 1634
1450 1633
1449 1632
1448 1631
1447 1630
1446 1629
1445 1628
1444 1627
1443 1626
1442 1625
1441 1624
1440 1623
1439 1622
1438 1621
1437 1620
1436 1619
1435 1618
1434 1617
1433 1616
1432 1615
1431 1614
1430 1613
1429 1612
1428 1611
1427 1610
1426 1609
1425 1608
1424 1607
1423 1606
1422 1605
1421 1604
1420 1603
1419 1602
1418 1601
1417 1600
1416 1599
1415 1598
1414 1597
1413 1596
1412 1595
1411 1594
1410 1593
1409 1592
1408 1591
1407 1590
1406 1589
1405 1588
1404 1587
1403 1586
1402 1585
1401 1584
1400 1583
1399 1582
1398 1581
1397 1580
1396 1579
1395 1578
1394 1577
1393 1576
1392 1575
1391 1574
1390 1573
1389 1572
1388 1571
1387 1570
1386 1569
1385 1568
1384 1567
1383 1566
1382 1565
1381 1564
1380 1563
1379 1562
1378 1561
1377 1560
1376 1559
1375 1558
1374 1557
1373 1556
1372 1555
1371 1554
1370 1553
1369 1552
1368 1551
1367 1550
1366 1549
1365 1548
1364 1547
1363 1546
1362 1545
1361 1544
1360 1543
1359 1542
1358 1541
1357 1540
1356 1539
1355 1538
1354 1537
1353 1536
1352 1535
1351 1534
1350 1533
1349 1532
1348 1531
1347 1530
1346 1529
1345 1528
1344 1527
1343 1526
1342 1525
1341 1524
1340 1523
1339 1522
1338 1521
1337 1520
1336 1519
1335 1518
1334 1517
1333 1516
1332 1515
1331 1514
1330 1513
1329 1512
1328 1511
1327 1510
1326 1509
1325 1508
1324 1507
1323 1506
1322 1505
1321 1504
1320 1503
1319 1502
1318 1501
1317 1500
1316 1499
1315 1498
1314 1497
1313 1496
1312 1495
1311 1494
1310 1493
1309 1492
1308 1491
1307 1490
1306 1489
1305 1488
1304 1487
1303 1486
1302 1485
1301 1484
1300 1483
1299 1482
1298 1481
1297 1480
1296 1479
1295 1478
1294 1477
1293 1476
1292 1475
1291 1474
1290 1473
1289 1472
1288 1471
1287 1470
1286 1469
1285 1468
1284 1467
1283 1466
1282 1465
1281 1464
1280 1463
1279 1462
1278 1461
1277 1460
1276 1459
1275 1458
1274 1457
1273 1456
1272 1455
1271 1454
1270 1453
1269 1452
1268 1451
1267 1450
1266 1449
1265 1448
1264 1447
1263 1446
1262 1445
1261 1444
1260 1443
1259 1442
1258 1441
1257 1440
1256 1439
1255 1438
1254 1437
1253 1436
1252 1435
1251 1434
1250 1433
1249 1432
1248 1431
1247 1430
1246 1429
1245 1428
1244 1427
1243 1426
1242 1425
1241 1424
1240 1423
1239 1422
1238 1421
1237 1420
1236 1419
1235 1418
1234 1417
1233 1416
1232 1415
1231 1414
1230 1413
1229 1412
1228 1411
1227 1410
1226 1409
1225 1408
1224 1407
1223 1406
1222 1405
1221 1404
1220 1403
1219 1402
1218 1401
1217 1400
1216 1399
1215 1398
1214 1397
1213 1396
1212 1395
1211 1394
1210 1393
1209 1392
1208 1391
1207 1390
1206 1389
1205 1388
1204 1387
1203 1386
1202 1385
1201 1384
1200 1383
1199 1382
1198 1381
1197 1380
1196 1379
1195 1378
1194 1377
1193 1376
1192 1375
1191 1374
1190 1373
1189 1372
1188 1371
1187 1370
1186 1369
1185 1368
1184 1367
1183 1366
1182 1365
1181 1364
1180 1363
1179 1362
1178 1361
1177 1360
1176 1359
1175 1358
1174 1357
1173 1356
1172 1355
1171 1354
1170 1353
1169 1352
1168 1351
1167 1350
1166 1349
1165 1348
1164 1347
1163 1346
1162 1345
1161 1344
1160 1343
1159 1342
1158 1341
1157 1340
1156 1339
1155 1338
1154 1337
1153 1336
1152 1335
1151 1334
1150 1333
1149 1332
1148 1331
1147 1330
1146 1329
1145 1328
1144 1327
1143 1326
1142 1325
1141 1324
1140 1323
1139 1322
1138 1321
1137 1320
1136 1319
1135 1318
1134 1317
1133 1316
1132 1315
1131 1314
1130 1313
1129 1312
1128 1311
1127 1310
1126 1309
1125 1308
1124 1307
1123 1306
1122 1305
1121 1304
1120 1303
1119 1302
1118 1301
1117 1300
1116 1299
1115 1298
1114 1297
1113 1296
1112 1295
1111 1294
1110 1293
1109 1292
1108 1291
1107 1290
1106 1289
1105 1288
1104 1287
1103 1286
1102 1285
1101 1284
1100 1283
1099 1282
1098 1281
1097 1280
1096 1279
1095 1278
1094 1277
1093 1276
1092 1275
1091 1274
1090 1273
1089 1272
1088 1271
1087 1270
1086 1269
1085 1268
1084 1267
1083 1266
1082 1265
1081 1264
1080 1263
1079 1262
1078 1261
1077 1260
1076 1259
1075 1258
1074 1257
1073 1256
1072 1255
1071 1254
1070 1253
1069 1252
1068 1251
1067 1250
1066 1249
1065 1248
1064 1247
1063 1246
1062 1245
1061 1244
1060 1243
1059 1242
1058 1241
1057 1240
1056 1239
1055 1238
1054 1237
1053 1236
1052 1235
1051 1234
1050 1233
1049 1232
1048 1231
1047 1230
1046 1229
1045 1228
1044 1227
1043 1226
1042 1225
1041 1224
1040 1223
1039 1222
1038 1221
1037 1220
1036 1219
1035 1218
1034 1217
1033 1216
1032 1215
1031 1214
1030 1213
1029 1212
1028 1211
1027 1210
1026 1209
1025 1208
1024 1207
1023 1206
1022 1205
1021 1204
1020 1203
1019 1202
1018 1201
1017 1200
1016 1199
1015 1198
1014 1197
1013 1196
1012 1195
1011 1194
1010 1193
1009 1192
1008 1191
1007 1190
1006 1189
1005 1188
1004 1187
1003 1186
1002 1185
1001 1184
1000 1183
999 1182
998 1181
997 1180
996 1179
995 1178
994 1177
993 1176
992 1175
991 1174
990 1173
989 1172
988 1171
987 1170
986 1169
985 1168
984 1167
983 1166
982 1165
981 1164
980 1163
979 1162
978 1161
977 1160
976 1159
975 1158
974 1157
973 1156
972 1155
971 1154
970 1153
969 1152
968 1151
967 1150
966 1149
965 1148
964 1147
963 1146
962 1145
961 1144
960 1143
959 1142
958 1141
957 1140
956 1139
955 1138
954 1137
953 1136
952 1135
951 1134
950 1133
949 1132
948 1131
947 1130
946 1129
945 1128
944 1127
943 1126
942 1125
941 1124
940 1123
939 1122
938 1121
937 1120
936 1119
935 1118
934 1117
933 1116
932 1115
931 1114
930 1113
929 1112
928 1111
927 1110
926 1109
925 1108
924 1107
923 1106
922 1105
921 1104
920 1103
919 1102
918 1101
917 1100
916 1099
915 1098
914 1097
913 1096
912 1095
911 1094
910 1093
909 1092
908 1091
907 1090
906 1089
905 1088
904 1087
903 1086
902 1085
901 1084
900 1083
899 1082
898 1081
897 1080
896 1079
895 1078
894 1077
893 1076
892 1075
891 1074
890 1073
889 1072
888 1071
887 1070
886 1069
885 1068
884 1067
883 1066
882 1065
881 1064
880 1063
879 1062
878 1061
877 1060
876 1059
875 1058
874 1057
873 1056
872 1055
871 1054
870 1053
869 1052
868 1051
867 1050
866 1049
865 1048
864 1047
863 1046
862 1045
861 1044
860 1043
859 1042
858 1041
857 1040
856 1039
855 1038
854 1037
853 1036
852 1035
851 1034
850 1033
849 1032
848 1031
847 1030
846 1029
845 1028
844 1027
843 1026
842 1025
841 1024
840 1023
839 1022
838 1021
837 1020
836 1019
835 1018
834 1017
833 1016
832 1015
831 1014
830 1013
829 1012
828 1011
827 1010
826 1009
825 1008
824 1007
823 1006
822 1005
821 1004
820 1003
819 1002
818 1001
817 1000
816 999
815 998
814 997
813 996
812 995
811 994
810 993
809 992
808 991
807 990
806 989
805 988
804 987
803 986
802 985
801 984
800 983
799 982
798 981
797 980
796 979
795 978
794 977
793 976
792 975
791 974
790 973
789 972
788 971
787 970
786 969
785 968
784 967
783 966
782 965
781 964
780 963
779 962
778 961
777 960
776 959
775 958
774 957
773 956
772 955
771 954
770 953
769 952
768 951
767 950
766 949
765 948
764 947
763 946
762 945
761 944
760 943
759 942
758 941
757 940
756 939
755 938
754 937
753 936
752 935
751 934
750 933
749 932
748 931
747 930
746 929
745 928
744 927
743 926
742 925
741 924
740 923
739 922
738 921
737 920
736 919
735 918
734 917
733 916
732 915
731 914
730 913
729 912
728 911
727 910
726 909
725 908
724 907
723 906
722 905
721 904
720 903
719 902
718 901
717 900
716 899
715 898
714 897
713 896
712 895
711 894
710 893
709 892
708 891
707 890
706 889
705 888
704 887
703 886
702 885
701 884
700 883
699 882
698 881
697 880
696 879
695 878
694 877
693 876
692 875
691 874
690 873
689 872
688 871
687 870
686 869
685 868
684 867
683 866
682 865
681 864
680 863
679 862
678 861
677 860
676 859
675 858
674 857
673 856
672 855
671 854
670 853
669 852
668 851
667 850
666 849
665 848
664 847
663 846
662 845
661 844
660 843
659 842
658 841
657 840
656 839
655 838
654 837
653 836
652 835
651 834
650 833
649 832
648 831
647 830
646 829
645 828
644 827
643 826
642 825
641 824
640 823
639 822
638 821
637 820
636 819
635 818
634 817
633 816
632 815
631 814
630 813
629 812
628 811
627 810
626 809
625 808
624 807
623 806
622 805
621 804
620 803
619 802
618 801
617 800
616 799
615 798
614 797
613 796
612 795
611 794
610 793
609 792
608 791
607 790
606 789
605 788
604 787
603 786
602 785
601 784
600 783
599 782
598 781
597 780
596 779
595 778
594 777
593 776
592 775
591 774
590 773
589 772
588 771
587 770
586 769
585 768
584 767
583 766
582 765
581 764
580 763
579 762
578 761
577 760
576 759
575 758
574 757
573 756
572 755
571 754
570 753
569 752
568 751
567 750
566 749
565 748
564 747
563 746
562 745
561 744
560 743
559 742
558 741
557 740
556 739
555 738
554 737
553 736
552 735
551 734
550 733
549 732
548 731
547 730
546 729
545 728
544 727
543 726
542 725
541 724
540 723
539 722
538 721
537 720
536 719
535 718
534 717
533 716
532 715
531 714
530 713
529 712
528 711
527 710
526 709
525 708
524 707
523 706
522 705
521 704
520 703
519 702
518 701
517 700
516 699
515 698
514 697
513 696
512 695
511 694
510 693
509 692
508 691
507 690
506 689
505 688
504 687
503 686
502 685
501 684
500 683
499 682
498 681
497 680
496 679
495 678
494 677
493 676
492 675
491 674
490 673
489 672
488 671
487 670
486 669
485 668
484 667
483 666
482 665
481 664
480 663
479 662
478 661
477 660
476 659
475 658
474 657
473 656
472 655
471 654
470 653
469 652
468 651
467 650
466 649
465 648
464 647
463 646
462 645
461 644
460 643
459 642
458 641
457 640
456 639
455 638
454 637
453 636
452 635
451 634
450 633
449 632
448 631
447 630
446 629
445 628
444 627
443 626
442 625
441 624
440 623
439 622
438 621
437 620
436 619
435 618
434 617
433 616
432 615
431 614
430 613
429 612
428 611
427 610
426 609
425 608
424 607
423 606
422 605
421 604
420 603
419 602
418 601
417 600
416 599
415 598
414 597
413 596
412 595
411 594
410 593
409 592
408 591
407 590
406 589
405 588
404 587
403 586
402 585
401 584
400 583
399 582
398 581
397 580
396 579
395 578
394 577
393 576
392 575
391 574
390 573
389 572
388 571
387 570
386 569
385 568
384 567
383 566
382 565
381 564
380 563
379 562
378 561
377 560
376 559
375 558
374 557
373 556
372 555
371 554
370 553
369 552
368 551
367 550
366 549
365 548
364 547
363 546
362 545
361 544
360 543
359 542
358 541
357 540
356 539
355 538
354 537
353 536
352 535
351 534
350 533
349 532
348 531
347 530
346 529
345 528
344 527
343 526
342 525
341 524
340 523
339 522
338 521
337 520
336 519
335 518
334 517
333 516
332 515
331 514
330 513
329 512
328 511
327 510
326 509
325 508
324 507
323 506
322 505
321 504
320 503
319 502
318 501
317 500
316 499
315 498
314 497
313 496
312 495
311 494
310 493
309 492
308 491
307 490
306 489
305 488
304 487
303 486
302 485
301 484
300 483
299 482
298 481
297 480
296 479
295 478
294 477
293 476
292 475
291 474
290 473
289 472
288 471
287 470
286 469
285 468
284 467
283 466
282 465
281 464
280 463
279 462
278 461
277 460
276 459
275 458
274 457
273 456
272 455
271 454
270 453
269 452
268 451
267 450
266 449
265 448
264 447
263 446
262 445
261 444
260 443
259 442
258 441
257 440
256 439
255 438
254 437
253 436
252 435
251 434
250 433
249 432
248 431
247 430
246 429
245 428
244 427
243 426
242 425
241 424
240 423
239 422
238 421
237 420
236 419
235 418
234 417
233 416
232 415
231 414
230 413
229 412
228 411
227 410
226 409
225 408
224 407
223 406
222 405
221 404
220 403
219 402
218 401
217 400
216 399
215 398
214 397
213 396
212 395
211 394
210 393
209 392
208 391
207 390
206 389
205 388
204 387
203 386
202 385
201 384
200 383
199 382
198 381
197 380
196 379
195 378
194 377
193 376
192 375
191 374
190 373
189 372
188 371
187 370
186 369
185 368
184 367
183 366
182 365
181 364
180 363
179 362
178 361
177 360
176 359
175 358
174 357
173 356
172 355
171 354
170 353
169 352
168 351
167 350
166 349
165 348
164 347
163 346
162 345
161 344
160 343
159 342
158 341
157 340
156 339
155 338
154 337
153 336
152 335
151 334
150 333
149 332
148 331
147 330
146 329
145 328
144 327
143 326
142 325
141 324
140 323
139 322
138 321
137 320
136 319
135 318
134 317
133 316
132 315
131 314
130 313
129 312
128 311
127 310
126 309
125 308
124 307
123 306
122 305
121 304
120 303
119 302
118 301
117 300
116 299
115 298
114 297
113 296
112 295
111 294
110 293
109 292
108 291
107 290
106 289
105 288
104 287
103 286
102 285
101 284
100 283
99 282
98 281
97 280
96 279
95 278
94 277
93 276
92 275
91 274
90 273
89 272
88 271
87 270
86 269
85 268
84 267
83 266
82 265
81 264
80 263
79 262
78 261
77 260
76 259
75 258
74 257
73 256
72 255
71 254
70 253
69 252
68 251
67 250
66 249
65 248
64 247
63 246
62 245
61 244
60 243
59 242
58 241
57 240
56 239
55 238
54 237
53 236
52 235
51 234
50 233
49 232
48 231
47 230
46 229
45 228
44 227
43 226
42 225
41 224
40 223
39 222
38 221
37 220
36 219
35 218
34 217
33 216
32 215
31 214
30 213
29 212
28 211
27 210
26 209
25 208
24 207
23 206
22 205
21 204
20 203
19 202
18 201
17 200
16 199
15 198
14 197
13 196
12 195
11 194
10 193
9 192
8 191
7 190
6 189
5 188
4 187
3 186
2 185
1 184
0 183
1000 182
1000 181
1000 180
1000 179
1000 178
1000 177
1000 176
1000 175
1000 174
1000 173
1000 172
1000 171
1000 170
1000 169
1000 168
1000 167
1000 166
1000 165
1000 164
1000 163
1000 162
1000 161
1000 160
1000 159
1000 158
1000 157
1000 156
1000 155
1000 154
1000 153
1000 152
1000 151
1000 150
1000 149
1000 148
1000 147
1000 146
1000 145
1000 144
1000 143
1000 142
1000 141
1000 140
1000 139
1000 138
1000 137
1000 136
1000 135
1000 134
1000 133
1000 132
1000 131
1000 130
1000 129
1000 128
1000 127
1000 126
1000 125
1000 124
1000 123
1000 122
1000 121
1000 120
1000 119
1000 118
1000 117
1000 116
1000 115
1000 114
1000 113
1000 112
1000 111
1000 110
1000 109
1000 108
1000 107
1000 106
1000 105
1000 104
1000 103
1000 102
1000 101
1000 100
1000 99
1000 98
1000 97
1000 96
1000 95
1000 94
1000 93
1000 92
1000 91
1000 90
1000 89
1000 88
1000 87
1000 86
1000 85
1000 84
1000 83
1000 82
1000 81
1000 80
1000 79
1000 78
1000 77
1000 76
1000 75
1000 74
1000 73
1000 72
1000 71
1000 70
1000 69
1000 68
1000 67
1000 66
1000 65
1000 64
1000 63
1000 62
1000 61
1000 60
1000 59
1000 58
1000 57
1000 56
1000 55
1000 54
1000 53
1000 52
1000 51
1000 50
1000 49
1000 48
1000 47
1000 46
1000 45
1000 44
1000 43
1000 42
1000 41
1000 40
1000 39
1000 38
1000 37
1000 36
1000 35
1000 34
1000 33
1000 32
1000 31
1000 30
1000 29
1000 28
1000 27
1000 26
1000 25
1000 24
1000 23
1000 22
1000 21
1000 20
1000 19
1000 18
1000 17
1000 16
1000 15
1000 14
1000 13
1000 12
1000 11
1000 10
1000 9
1000 8
1000 7
1000 6
1000 5
1000 4
1000 3
1000 2
1000 1
1000 0
1000 1000
1000 1000
1000 1000
1000 1000
1000 1000
1000 1000
1000 1000
1000 1000
1000 1000
1000 1000
1000 1000
1000 1000
1000 1000
1000 1000
1000 1000
1000 1000
1000 1000
1000 1000
1000 1000
1000 1000
1000 1000
1000 1000
1000 1000
1000 1000
1000 1000
1000 1000
1000 1000
1000 1000
1000 1000
1000 1000
1000 1000
1000 1000
1000 1000
1000 1000
1000 1000
1000 1000
1000 1000
1000 1000
1000 1000
1000 1000
1000 1000
1000 1000
1000 1000
1000 1000
1000 1000
1000 1000
1000 1000
1000 1000
1000 1000
1000 1000
1000 1000
1000 1000
1000 1000
1000 1000
1000 1000
1000 1000
1000 1000
1000 1000
1000 1000
1000 1000
1000 1000
1000 1000
1000 1000
1000 1000
1000 1000
1000 1000
1000 1000
1000 1000
1000 1000
1000 1000
1000 1000
1000 1000
1000 1000
1000 1000
1000 1000
1000 1000
1000 1000
1000 1000
1000 1000
1000 1000
1000 1000
1000 1000
1000 1000
1000 1000
1000 1000
1000 1000
1000 1000
1000 1000
1000 1000
1000 1000
1000 1000
1000 1000
1000 1000
1000 1000
1000 1000
1000 1000
1000 1000
1000 1000
1000 1000
1000 1000
1000 1000
1000 1000
1000 1000
1000 1000
1000 1000
1000 1000
1000 1000
1000 1000
1000 1000
1000 1000
1000 1000
1000 1000
1000 1000
1000 1000
1000 1000
1000 1000
1000 1000
1000 1000
1000 1000
1000 1000
1000 1000
1000 1000
1000 1000
1000 1000
1000 1000
1000 1000
1000 1000
1000 1000
1000 1000
1000 1000
1000 1000
1000 1000
1000 1000
1000 1000
1000 1000
1000 1000
1000 1000
1000 1000
1000 1000
1000 1000
1000 1000
1000 1000
1000 1000
1000 1000
1000 1000
1000 1000
1000 1000
1000 1000
1000 1000
1000 1000
1000 1000
1000 1000
1000 1000
1000 1000
1000 1000
1000 1000
1000 1000
1000 1000
1000 1000
1000 1000
1000 1000
1000 1000
1000 1000
1000 1000
1000 1000
1000 1000
1000 1000
1000 1000
1000 1000
1000 1000
1000 1000
1000 1000
1000 1000
1000 1000
1000 1000
1000 1000
1000 1000
1000 1000
1000 1000
1000 1000
1000 1000
1000 1000
1000 1000
1000 1000
1000 1000
1000 1000
1000 1000
1000 1000
1000 1000
1000 1000
1000 1000
1000 1000
1000 1000
1000 1000
1000 1000
1000 1000
1000 1000
1000 1000
1000 1000
1000 1000
1000 1000
1000 1000
1000 1000
1000 1000
1000 1000
1000 1000
1000 1000
1000 1000
1000 1000
1000 1000
1000 1000
1000 1000
1000 1000
1000 1000
1000 1000
1000 1000
1000 1000
1000 1000
1000 1000
1000 1000
1000 1000
1000 1000
1000 1000
1000 1000
1000 1000
1000 1000
1000 1000
1000 1000
1000 1000
1000 1000
1000 1000
1000 1000
1000 1000
1000 1000
1000 1000
1000 1000
1000 1000
1000 1000
1000 1000
1000 1000
1000 1000
1000 1000
1000 1000
1000 1000
1000 1000
1000 1000
1000 1000
1000 1000
1000 1000
1000 1000
1000 1000
1000 1000
1000 1000
1000 1000
1000 1000
1000 1000
1000 1000
1000 1000
1000 1000
1000 1000
1000 1000
1000 1000
1000 1000
1000 1000
1000 1000
1000 1000
1000 1000
1000 1000
1000 1000
1000 1000
1000 1000
1000 1000
1000 1000
1000 1000
1000 1000
1000 1000
1000 1000
1000 1000
1000 1000
1000 1000
1000 1000
1000 1000
1000 1000
1000 1000
1000 1000
1000 1000
1000 1000
1000 1000
1000 1000
1000 1000
1000 1000
1000 1000
1000 1000
1000 1000
1000 1000
1000 1000
1000 1000
1000 1000
1000 1000
1000 1000
1000 1000
1000 1000
1000 1000
1000 1000
1000 1000
1000 1000
1000 1000
1000 1000
1000 1000
1000 1000
1000 1000
1000 1000
1000 1000
1000 1000
1000 1000
1000 1000
1000 1000
1000 1000
1000 1000
1000 1000
1000 1000
1000 1000
1000 1000
1000 1000
1000 1000
1000 1000
1000 1000
1000 1000
1000 1000
1000 1000
1000 1000
1000 1000
1000 1000
1000 1000
1000 1000
1000 1000
1000 1000
1000 1000
1000 1000
1000 1000
1000 1000
1000 1000
1000 1000
1000 1000
1000 1000
1000 1000
1000 1000
1000 1000
1000 1000
1000 1000
1000 1000
1000 1000
1000 1000
1000 1000
1000 1000
1000 1000
1000 1000
1000 1000
1000 1000
1000 1000
1000 1000
1000 1000
1000 1000
1000 1000
1000 1000
1000 1000
1000 1000
1000 1000
1000 1000
1000 1000
1000 1000
1000 1000
1000 1000
1000 1000
1000 1000
1000 1000
1000 1000
1000 1000
1000 1000
1000 1000
1000 1000
1000 1000
1000 1000
1000 1000
1000 1000
1000 1000
1000 1000
1000 1000
1000 1000
1000 1000
1000 1000
1000 1000
1000 1000
1000 1000
1000 1000
1000 1000
1000 1000
1000 1000
1000 1000
1000 1000
1000 1000
1000 1000
1000 1000
1000 1000
1000 1000
1000 1000
1000 1000
1000 1000
1000 1000
1000 1000
1000 1000
1000 1000
1000 1000
1000 1000
1000 1000
1000 1000
1000 1000
1000 1000
1000 1000
1000 1000
1000 1000
1000 1000
1000 1000
1000 1000
1000 1000
1000 1000
1000 1000
1000 1000
1000 1000
1000 1000
1000 1000
1000 1000
1000 1000
1000 1000
1000 1000
1000 1000
1000 1000
1000 1000
1000 1000
1000 1000
1000 1000
1000 1000
1000 1000
1000 1000
1000 1000
1000 1000
1000 1000
1000 1000
1000 1000
1000 1000
1000 1000
1000 1000
1000 1000
1000 1000
1000 1000
1000 1000
1000 1000
1000 1000
1000 1000
1000 1000
1000 1000
1000 1000
1000 1000
1000 1000
1000 1000
1000 1000
1000 1000
1000 1000
1000 1000
1000 1000
1000 1000
1000 1000
1000 1000
1000 1000
1000 1000
1000 1000
1000 1000
1000 1000
1000 1000
1000 1000
1000 1000
1000 1000
1000 1000
1000 1000
1000 1000
1000 1000
1000 1000
1000 1000
1000 1000
1000 1000
1000 1000
1000 1000
1000 1000
1000 1000
1000 1000
1000 1000
1000 1000
1000 1000
1000 1000
1000 1000
1000 1000
1000 1000
1000 1000
1000 1000
1000 1000
1000 1000
1000 1000
1000 1000
1000 1000
1000 1000
1000 1000
1000 1000
1000 1000
1000 1000
1000 1000
1000 1000
1000 1000
1000 1000
1000 1000
1000 1000
1000 1000
1000 1000
1000 1000
1000 1000
1000 1000
1000 1000
1000 1000
1000 1000
1000 1000
1000 1000
1000 1000
1000 1000
1000 1000
1000 1000
1000 1000
1000 1000
1000 1000
1000 1000
1000 1000
1000 1000
1000 1000
1000 1000
1000 1000
1000 1000
1000 1000
1000 1000
1000 1000
1000 1000
1000 1000
1000 1000
1000 1000
1000 1000
1000 1000
1000 1000
1000 1000
1000 1000
1000 1000
1000 1000
1000 1000
1000 1000
1000 1000
1000 1000
1000 1000
1000 1000
1000 1000
1000 1000
1000 1000
1000 1000
1000 1000
1000 1000
1000 1000
1000 1000
1000 1000
1000 1000
1000 1000
1000 1000
1000 1000
1000 1000
1000 1000
1000 1000
1000 1000
1000 1000
1000 1000
1000 1000
1000 1000
1000 1000
1000 1000
1000 1000
1000 1000
1000 1000
1000 1000
1000 1000
1000 1000
1000 1000
1000 1000
1000 1000
1000 1000
1000 1000
1000 1000
1000 1000
1000 1000
1000 1000
1000 1000
1000 1000
1000 1000
1000 1000
1000 1000
1000 1000
1000 1000
1000 1000
1000 1000
1000 1000
1000 1000
1000 1000
1000 1000
1000 1000
1000 1000
1000 1000
1000 1000
1000 1000
1000 1000
1000 1000
1000 1000
1000 1000
1000 1000
1000 1000
1000 1000
1000 1000
1000 1000
1000 1000
1000 1000
1000 1000
1000 1000
1000 1000
1000 1000
1000 1000
1000 1000
1000 1000
1000 1000
1000 1000
1000 1000
1000 1000
1000 1000
1000 1000
1000 1000
1000 1000
1000 1000
1000 1000
1000 1000
1000 1000
1000 1000
1000 1000
1000 1000
1000 1000
1000 1000
1000 1000
1000 1000
1000 1000
1000 1000
1000 1000
1000 1000
1000 1000
1000 1000
1000 1000
1000 1000
1000 1000
1000 1000
1000 1000
1000 1000
1000 1000
1000 1000
1000 1000
1000 1000
1000 1000
1000 1000
1000 1000
1000 1000
1000 1000
1000 1000
1000 1000
1000 1000
1000 1000
1000 1000
1000 1000
1000 1000
1000 1000
1000 1000
1000 1000
1000 1000
1000 1000
1000 1000
1000 1000
1000 1000
1000 1000
1000 1000
1000 1000
1000 1000
1000 1000
1000 1000
1000 1000
1000 1000
1000 1000
1000 1000
1000 1000
1000 1000
1000 1000
1000 1000
1000 1000
1000 1000
1000 1000
1000 1000
1000 1000
1000 1000
1000 1000
1000 1000
1000 1000
1000 1000
1000 1000
1000 1000
1000 1000
1000 1000
1000 1000
1000 1000
1000 1000
1000 1000
1000 1000
1000 1000
1000 1000
1000 1000
1000 1000
1000 1000
1000 1000
1000 1000
1000 1000
1000 1000
1000 1000
1000 1000
1000 1000
1000 1000
1000 1000
1000 1000
1000 1000
1000 1000
1000 1000
1000 1000
1000 1000
1000 1000
1000 1000
1000 1000
1000 1000
1000 1000
1000 1000
1000 1000
1000 1000
1000 1000
1000 1000
1000 1000
1000 1000
1000 1000
1000 1000
1000 1000
1000 1000
1000 1000
1000 1000
1000 1000
1000 1000
1000 1000
1000 1000
1000 1000
1000 1000
1000 1000
1000 1000
1000 1000
1000 1000
1000 1000
1000 1000
1000 1000
1000 1000
1000 1000
1000 1000
1000 1000
1000 1000
1000 1000
1000 1000
1000 1000
1000 1000
1000 1000
1000 1000
1000 1000
1000 1000
1000 1000
1000 1000
1000 1000
1000 1000
1000 1000
1000 1000
1000 1000
1000 1000
1000 1000
1000 1000
1000 1000
1000 1000
1000 1000
1000 1000
1000 1000
1000 1000
1000 1000
1000 1000
1000 1000
1000 1000
1000 1000
1000 1000
1000 1000
1000 1000
1000 1000
1000 1000
1000 1000
1000 1000
1000 1000
1000 1000
1000 1000
1000 1000
1000 1000
1000 1000
1000 1000
1000 1000
1000 1000
1000 1000
1000 1000
1000 1000
1000 1000
1000 1000
1000 1000
1000 1000
1000 1000
1000 1000
1000 1000
1000 1000
1000 1000
1000 1000
1000 1000
1000 1000
1000 1000
1000 1000
1000 1000
1000 1000
1000 1000
1000 1000
1000 1000
1000 1000
1000 1000
1000 1000
1000 1000
1000 1000
1000 1000
1000 1000
1000 1000
1000 1000
1000 1000
1000 1000
1000 1000
1000 1000
1000 1000
1000 1000
1000 1000
1000 1000
1000 1000
1000 1000
1000 1000
1000 1000
1000 1000
1000 1000
1000 1000
1000 1000
1000 1000
1000 1000
1000 1000
1000 1000
1000 1000
1000 1000
1000 1000
1000 1000
1000 1000
1000 1000
1000 1000
1000 1000
1000 1000
1000 1000
1000 1000
1000 1000
1000 1000
1000 1000
1000 1000
1000 1000
1000 1000
1000 1000
1000 1000
1000 1000
1000 1000
1000 1000
1000 1000
1000 1000
1000 1000
1000 1000
1000 1000
1000 1000
1000 1000
1000 1000
1000 1000
1000 1000
1000 1000
1000 1000
1000 1000
1000 1000
1000 1000
1000 1000
1000 1000
1000 1000
1000 1000
1000 1000
1000 1000
1000 1000
1000 1000
1000 1000
1000 1000
1000 1000
1000 1000
1000 1000
1000 1000
1000 1000
1000 1000
1000 1000
1000 1000
1000 1000
1000 1000
1000 1000
1000 1000
1000 1000
1000 1000
1000 1000
1000 1000
1000 1000
1000 1000
1000 1000
1000 1000
1000 1000
1000 1000
1000 1000
1000 1000
1000 1000
1000 1000
1000 1000
1000 1000
1000 1000
1000 1000
1000 1000
1000 1000
1000 1000
1000 1000
1000 1000
1000 1000
1000 1000
1000 1000
1000 1000
1000 1000
1000 1000
1000 1000
1000 1000
1000 1000
1000 1000
1000 1000
1000 1000
1000 1000
1000 1000
1000 1000
1000 1000
1000 1000
1000 1000
1000 1000
1000 1000
1000 1000
1000 1000
1000 1000
1000 1000
1000 1000
1000 1000
1000 1000
1000 1000
1000 1000
1000 1000
1000 1000
1000 1000
1000 1000
1000 1000
1000 1000
1000 1000
1000 1000
1000 1000
1000 1000
1000 1000
