1025 1279
1024 1278
1023 1277
1022 1276
1021 1275
1020 1274
1019 1273
1018 1272
1017 1271
1016 1270
1015 1269
1014 1268
1013 1267
1012 1266
1011 1265
1010 1264
1009 1263
1008 1262
1007 1261
1006 1260
1005 1259
1004 1258
1003 1257
1002 1256
1001 1255
1000 1254
999 1253
998 1252
997 1251
996 1250
995 1249
994 1248
993 1247
992 1246
991 1245
990 1244
989 1243
988 1242
987 1241
986 1240
985 1239
984 1238
983 1237
982 1236
981 1235
980 1234
979 1233
978 1232
977 1231
976 1230
975 1229
974 1228
973 1227
972 1226
971 1225
970 1224
969 1223
968 1222
967 1221
966 1220
965 1219
964 1218
963 1217
962 1216
961 1215
960 1214
959 1213
958 1212
957 1211
956 1210
955 1209
954 1208
953 1207
952 1206
951 1205
950 1204
949 1203
948 1202
947 1201
946 1200
945 1199
944 1198
943 1197
942 1196
941 1195
940 1194
939 1193
938 1192
937 1191
936 1190
935 1189
934 1188
933 1187
932 1186
931 1185
930 1184
929 1183
928 1182
927 1181
926 1180
925 1179
924 1178
923 1177
922 1176
921 1175
920 1174
919 1173
918 1172
917 1171
916 1170
915 1169
914 1168
913 1167
912 1166
911 1165
910 1164
909 1163
908 1162
907 1161
906 1160
905 1159
904 1158
903 1157
902 1156
901 1155
900 1154
899 1153
898 1152
897 1151
896 1150
895 1149
894 1148
893 1147
892 1146
891 1145
890 1144
889 1143
888 1142
887 1141
886 1140
885 1139
884 1138
883 1137
882 1136
881 1135
880 1134
879 1133
878 1132
877 1131
876 1130
875 1129
874 1128
873 1127
872 1126
871 1125
870 1124
869 1123
868 1122
867 1121
866 1120
865 1119
864 1118
863 1117
862 1116
861 1115
860 1114
859 1113
858 1112
857 1111
856 1110
855 1109
854 1108
853 1107
852 1106
851 1105
850 1104
849 1103
848 1102
847 1101
846 1100
845 1099
844 1098
843 1097
842 1096
841 1095
840 1094
839 1093
838 1092
837 1091
836 1090
835 1089
834 1088
833 1087
832 1086
831 1085
830 1084
829 1083
828 1082
827 1081
826 1080
825 1079
824 1078
823 1077
822 1076
821 1075
820 1074
819 1073
818 1072
817 1071
816 1070
815 1069
814 1068
813 1067
812 1066
811 1065
810 1064
809 1063
808 1062
807 1061
806 1060
805 1059
804 1058
803 1057
802 1056
801 1055
800 1054
799 1053
798 1052
797 1051
796 1050
795 1049
794 1048
793 1047
792 1046
791 1045
790 1044
789 1043
788 1042
787 1041
786 1040
785 1039
784 1038
783 1037
782 1036
781 1035
780 1034
779 1033
778 1032
777 1031
776 1030
775 1029
774 1028
773 1027
772 1026
771 1025
770 1024
769 1023
768 1022
767 1021
766 1020
765 1019
764 1018
763 1017
762 1016
761 1015
760 1014
759 1013
758 1012
757 1011
756 1010
755 1009
754 1008
753 1007
752 1006
751 1005
750 1004
749 1003
748 1002
747 1001
746 1000
745 999
744 998
743 997
742 996
741 995
740 994
739 993
738 992
737 991
736 990
735 989
734 988
733 987
732 986
731 985
730 984
729 983
728 982
727 981
726 980
725 979
724 978
723 977
722 976
721 975
720 974
719 973
718 972
717 971
716 970
715 969
714 968
713 967
712 966
711 965
710 964
709 963
708 962
707 961
706 960
705 959
704 958
703 957
702 956
701 955
700 954
699 953
698 952
697 951
696 950
695 949
694 948
693 947
692 946
691 945
690 944
689 943
688 942
687 941
686 940
685 939
684 938
683 937
682 936
681 935
680 934
679 933
678 932
677 931
676 930
675 929
674 928
673 927
672 926
671 925
670 924
669 923
668 922
667 921
666 920
665 919
664 918
663 917
662 916
661 915
660 914
659 913
658 912
657 911
656 910
655 909
654 908
653 907
652 906
651 905
650 904
649 903
648 902
647 901
646 900
645 899
644 898
643 897
642 896
641 895
640 894
639 893
638 892
637 891
636 890
635 889
634 888
633 887
632 886
631 885
630 884
629 883
628 882
627 881
626 880
625 879
624 878
623 877
622 876
621 875
620 874
619 873
618 872
617 871
616 870
615 869
614 868
613 867
612 866
611 865
610 864
609 863
608 862
607 861
606 860
605 859
604 858
603 857
602 856
601 855
600 854
599 853
598 852
597 851
596 850
595 849
594 848
593 847
592 846
591 845
590 844
589 843
588 842
587 841
586 840
585 839
584 838
583 837
582 836
581 835
580 834
579 833
578 832
577 831
576 830
575 829
574 828
573 827
572 826
571 825
570 824
569 823
568 822
567 821
566 820
565 819
564 818
563 817
562 816
561 815
560 814
559 813
558 812
557 811
556 810
555 809
554 808
553 807
552 806
551 805
550 804
549 803
548 802
547 801
546 800
545 799
544 798
543 797
542 796
541 795
540 794
539 793
538 792
537 791
536 790
535 789
534 788
533 787
532 786
531 785
530 784
529 783
528 782
527 781
526 780
525 779
524 778
523 777
522 776
521 775
520 774
519 773
518 772
517 771
516 770
515 769
514 768
513 767
512 766
511 765
510 764
509 763
508 762
507 761
506 760
505 759
504 758
503 757
502 756
501 755
500 754
499 753
498 752
497 751
496 750
495 749
494 748
493 747
492 746
491 745
490 744
489 743
488 742
487 741
486 740
485 739
484 738
483 737
482 736
481 735
480 734
479 733
478 732
477 731
476 730
475 729
474 728
473 727
472 726
471 725
470 724
469 723
468 722
467 721
466 720
465 719
464 718
463 717
462 716
461 715
460 714
459 713
458 712
457 711
456 710
455 709
454 708
453 707
452 706
451 705
450 704
449 703
448 702
447 701
446 700
445 699
444 698
443 697
442 696
441 695
440 694
439 693
438 692
437 691
436 690
435 689
434 688
433 687
432 686
431 685
430 684
429 683
428 682
427 681
426 680
425 679
424 678
423 677
422 676
421 675
420 674
419 673
418 672
417 671
416 670
415 669
414 668
413 667
412 666
411 665
410 664
409 663
408 662
407 661
406 660
405 659
404 658
403 657
402 656
401 655
400 654
399 653
398 652
397 651
396 650
395 649
394 648
393 647
392 646
391 645
390 644
389 643
388 642
387 641
386 640
385 639
384 638
383 637
382 636
381 635
380 634
379 633
378 632
377 631
376 630
375 629
374 628
373 627
372 626
371 625
370 624
369 623
368 622
367 621
366 620
365 619
364 618
363 617
362 616
361 615
360 614
359 613
358 612
357 611
356 610
355 609
354 608
353 607
352 606
351 605
350 604
349 603
348 602
347 601
346 600
345 599
344 598
343 597
342 596
341 595
340 594
339 593
338 592
337 591
336 590
335 589
334 588
333 587
332 586
331 585
330 584
329 583
328 582
327 581
326 580
325 579
324 578
323 577
322 576
321 575
320 574
319 573
318 572
317 571
316 570
315 569
314 568
313 567
312 566
311 565
310 564
309 563
308 562
307 561
306 560
305 559
304 558
303 557
302 556
301 555
300 554
299 553
298 552
297 551
296 550
295 549
294 548
293 547
292 546
291 545
290 544
289 543
288 542
287 541
286 540
285 539
284 538
283 537
282 536
281 535
280 534
279 533
278 532
277 531
276 530
275 529
274 528
273 527
272 526
271 525
270 524
269 523
268 522
267 521
266 520
265 519
264 518
263 517
262 516
261 515
260 514
259 513
258 512
257 511
256 510
255 509
254 508
253 507
252 506
251 505
250 504
249 503
248 502
247 501
246 500
245 499
244 498
243 497
242 496
241 495
240 494
239 493
238 492
237 491
236 490
235 489
234 488
233 487
232 486
231 485
230 484
229 483
228 482
227 481
226 480
225 479
224 478
223 477
222 476
221 475
220 474
219 473
218 472
217 471
216 470
215 469
214 468
213 467
212 466
211 465
210 464
209 463
208 462
207 461
206 460
205 459
204 458
203 457
202 456
201 455
200 454
199 453
198 452
197 451
196 450
195 449
194 448
193 447
192 446
191 445
190 444
189 443
188 442
187 441
186 440
185 439
184 438
183 437
182 436
181 435
180 434
179 433
178 432
177 431
176 430
175 429
174 428
173 427
172 426
171 425
170 424
169 423
168 422
167 421
166 420
165 419
164 418
163 417
162 416
161 415
160 414
159 413
158 412
157 411
156 410
155 409
154 408
153 407
152 406
151 405
150 404
149 403
148 402
147 401
146 400
145 399
144 398
143 397
142 396
141 395
140 394
139 393
138 392
137 391
136 390
135 389
134 388
133 387
132 386
131 385
130 384
129 383
128 382
127 381
126 380
125 379
124 378
123 377
122 376
121 375
120 374
119 373
118 372
117 371
116 370
115 369
114 368
113 367
112 366
111 365
110 364
109 363
108 362
107 361
106 360
105 359
104 358
103 357
102 356
101 355
100 354
99 353
98 352
97 351
96 350
95 349
94 348
93 347
92 346
91 345
90 344
89 343
88 342
87 341
86 340
85 339
84 338
83 337
82 336
81 335
80 334
79 333
78 332
77 331
76 330
75 329
74 328
73 327
72 326
71 325
70 324
69 323
68 322
67 321
66 320
65 319
64 318
63 317
62 316
61 315
60 314
59 313
58 312
57 311
56 310
55 309
54 308
53 307
52 306
51 305
50 304
49 303
48 302
47 301
46 300
45 299
44 298
43 297
42 296
41 295
40 294
39 293
38 292
37 291
36 290
35 289
34 288
33 287
32 286
31 285
30 284
29 283
28 282
27 281
26 280
25 279
24 278
23 277
22 276
21 275
20 274
19 273
18 272
17 271
16 270
15 269
14 268
13 267
12 266
11 265
10 264
9 263
8 262
7 261
6 260
5 259
4 258
3 257
2 256
1 255
0 254
2290 253
2289 252
2288 251
2287 250
2286 249
2285 248
2284 247
2283 246
2282 245
2281 244
2280 243
2279 242
2278 241
2277 240
2276 239
2275 238
2274 237
2273 236
2272 235
2271 234
2270 233
2269 232
2268 231
2267 230
2266 229
2265 228
2264 227
2263 226
2262 225
2261 224
2260 223
2259 222
2258 221
2257 220
2256 219
2255 218
2254 217
2253 216
2252 215
2251 214
2250 213
2249 212
2248 211
2247 210
2246 209
2245 208
2244 207
2243 206
2242 205
2241 204
2240 203
2239 202
2238 201
2237 200
2236 199
2235 198
2234 197
2233 196
2232 195
2231 194
2230 193
2229 192
2228 191
2227 190
2226 189
2225 188
2224 187
2223 186
2222 185
2221 184
2220 183
2219 182
2218 181
2217 180
2216 179
2215 178
2214 177
2213 176
2212 175
2211 174
2210 173
2209 172
2208 171
2207 170
2206 169
2205 168
2204 167
2203 166
2202 165
2201 164
2200 163
2199 162
2198 161
2197 160
2196 159
2195 158
2194 157
2193 156
2192 155
2191 154
2190 153
2189 152
2188 151
2187 150
2186 149
2185 148
2184 147
2183 146
2182 145
2181 144
2180 143
2179 142
2178 141
2177 140
2176 139
2175 138
2174 137
2173 136
2172 135
2171 134
2170 133
2169 132
2168 131
2167 130
2166 129
2165 128
2164 127
2163 126
2162 125
2161 124
2160 123
2159 122
2158 121
2157 120
2156 119
2155 118
2154 117
2153 116
2152 115
2151 114
2150 113
2149 112
2148 111
2147 110
2146 109
2145 108
2144 107
2143 106
2142 105
2141 104
2140 103
2139 102
2138 101
2137 100
2136 99
2135 98
2134 97
2133 96
2132 95
2131 94
2130 93
2129 92
2128 91
2127 90
2126 89
2125 88
2124 87
2123 86
2122 85
2121 84
2120 83
2119 82
2118 81
2117 80
2116 79
2115 78
2114 77
2113 76
2112 75
2111 74
2110 73
2109 72
2108 71
2107 70
2106 69
2105 68
2104 67
2103 66
2102 65
2101 64
2100 63
2099 62
2098 61
2097 60
2096 59
2095 58
2094 57
2093 56
2092 55
2091 54
2090 53
2089 52
2088 51
2087 50
2086 49
2085 48
2084 47
2083 46
2082 45
2081 44
2080 43
2079 42
2078 41
2077 40
2076 39
2075 38
2074 37
2073 36
2072 35
2071 34
2070 33
2069 32
2068 31
2067 30
2066 29
2065 28
2064 27
2063 26
2062 25
2061 24
2060 23
2059 22
2058 21
2057 20
2056 19
2055 18
2054 17
2053 16
2052 15
2051 14
2050 13
2049 12
2048 11
2047 10
2046 9
2045 8
2044 7
2043 6
2042 5
2041 4
2040 3
2039 2
2038 1
2037 0
2036 2279
2035 2278
2034 2277
2033 2276
2032 2275
2031 2274
2030 2273
2029 2272
2028 2271
2027 2270
2026 2269
2025 2268
2024 2267
2023 2266
2022 2265
2021 2264
2020 2263
2019 2262
2018 2261
2017 2260
2016 2259
2015 2258
2014 2257
2013 2256
2012 2255
2011 2254
2010 2253
2009 2252
2008 2251
2007 2250
2006 2249
2005 2248
2004 2247
2003 2246
2002 2245
2001 2244
2000 2243
1999 2242
1998 2241
1997 2240
1996 2239
1995 2238
1994 2237
1993 2236
1992 2235
1991 2234
1990 2233
1989 2232
1988 2231
1987 2230
1986 2229
1985 2228
1984 2227
1983 2226
1982 2225
1981 2224
1980 2223
1979 2222
1978 2221
1977 2220
1976 2219
1975 2218
1974 2217
1973 2216
1972 2215
1971 2214
1970 2213
1969 2212
1968 2211
1967 2210
1966 2209
1965 2208
1964 2207
1963 2206
1962 2205
1961 2204
1960 2203
1959 2202
1958 2201
1957 2200
1956 2199
1955 2198
1954 2197
1953 2196
1952 2195
1951 2194
1950 2193
1949 2192
1948 2191
1947 2190
1946 2189
1945 2188
1944 2187
1943 2186
1942 2185
1941 2184
1940 2183
1939 2182
1938 2181
1937 2180
1936 2179
1935 2178
1934 2177
1933 2176
1932 2175
1931 2174
1930 2173
1929 2172
1928 2171
1927 2170
1926 2169
1925 2168
1924 2167
1923 2166
1922 2165
1921 2164
1920 2163
1919 2162
1918 2161
1917 2160
1916 2159
1915 2158
1914 2157
1913 2156
1912 2155
1911 2154
1910 2153
1909 2152
1908 2151
1907 2150
1906 2149
1905 2148
1904 2147
1903 2146
1902 2145
1901 2144
1900 2143
1899 2142
1898 2141
1897 2140
1896 2139
1895 2138
1894 2137
1893 2136
1892 2135
1891 2134
1890 2133
1889 2132
1888 2131
1887 2130
1886 2129
1885 2128
1884 2127
1883 2126
1882 2125
1881 2124
1880 2123
1879 2122
1878 2121
1877 2120
1876 2119
1875 2118
1874 2117
1873 2116
1872 2115
1871 2114
1870 2113
1869 2112
1868 2111
1867 2110
1866 2109
1865 2108
1864 2107
1863 2106
1862 2105
1861 2104
1860 2103
1859 2102
1858 2101
1857 2100
1856 2099
1855 2098
1854 2097
1853 2096
1852 2095
1851 2094
1850 2093
1849 2092
1848 2091
1847 2090
1846 2089
1845 2088
1844 2087
1843 2086
1842 2085
1841 2084
1840 2083
1839 2082
1838 2081
1837 2080
1836 2079
1835 2078
1834 2077
1833 2076
1832 2075
1831 2074
1830 2073
1829 2072
1828 2071
1827 2070
1826 2069
1825 2068
1824 2067
1823 2066
1822 2065
1821 2064
1820 2063
1819 2062
1818 2061
1817 2060
1816 2059
1815 2058
1814 2057
1813 2056
1812 2055
1811 2054
1810 2053
1809 2052
1808 2051
1807 2050
1806 2049
1805 2048
1804 2047
1803 2046
1802 2045
1801 2044
1800 2043
1799 2042
1798 2041
1797 2040
1796 2039
1795 2038
1794 2037
1793 2036
1792 2035
1791 2034
1790 2033
1789 2032
1788 2031
1787 2030
1786 2029
1785 2028
1784 2027
1783 2026
1782 2025
1781 2024
1780 2023
1779 2022
1778 2021
1777 2020
1776 2019
1775 2018
1774 2017
1773 2016
1772 2015
1771 2014
1770 2013
1769 2012
1768 2011
1767 2010
1766 2009
1765 2008
1764 2007
1763 2006
1762 2005
1761 2004
1760 2003
1759 2002
1758 2001
1757 2000
1756 1999
1755 1998
1754 1997
1753 1996
1752 1995
1751 1994
1750 1993
1749 1992
1748 1991
1747 1990
1746 1989
1745 1988
1744 1987
1743 1986
1742 1985
1741 1984
1740 1983
1739 1982
1738 1981
1737 1980
1736 1979
1735 1978
1734 1977
1733 1976
1732 1975
1731 1974
1730 1973
1729 1972
1728 1971
1727 1970
1726 1969
1725 1968
1724 1967
1723 1966
1722 1965
1721 1964
1720 1963
1719 1962
1718 1961
1717 1960
1716 1959
1715 1958
1714 1957
1713 1956
1712 1955
1711 1954
1710 1953
1709 1952
1708 1951
1707 1950
1706 1949
1705 1948
1704 1947
1703 1946
1702 1945
1701 1944
1700 1943
1699 1942
1698 1941
1697 1940
1696 1939
1695 1938
1694 1937
1693 1936
1692 1935
1691 1934
1690 1933
1689 1932
1688 1931
1687 1930
1686 1929
1685 1928
1684 1927
1683 1926
1682 1925
1681 1924
1680 1923
1679 1922
1678 1921
1677 1920
1676 1919
1675 1918
1674 1917
1673 1916
1672 1915
1671 1914
1670 1913
1669 1912
1668 1911
1667 1910
1666 1909
1665 1908
1664 1907
1663 1906
1662 1905
1661 1904
1660 1903
1659 1902
1658 1901
1657 1900
1656 1899
1655 1898
1654 1897
1653 1896
1652 1895
1651 1894
1650 1893
1649 1892
1648 1891
1647 1890
1646 1889
1645 1888
1644 1887
1643 1886
1642 1885
1641 1884
1640 1883
1639 1882
1638 1881
1637 1880
1636 1879
1635 1878
1634 1877
1633 1876
1632 1875
1631 1874
1630 1873
1629 1872
1628 1871
1627 1870
1626 1869
1625 1868
1624 1867
1623 1866
1622 1865
1621 1864
1620 1863
1619 1862
1618 1861
1617 1860
1616 1859
1615 1858
1614 1857
1613 1856
1612 1855
1611 1854
1610 1853
1609 1852
1608 1851
1607 1850
1606 1849
1605 1848
1604 1847
1603 1846
1602 1845
1601 1844
1600 1843
1599 1842
1598 1841
1597 1840
1596 1839
1595 1838
1594 1837
1593 1836
1592 1835
1591 1834
1590 1833
1589 1832
1588 1831
1587 1830
1586 1829
1585 1828
1584 1827
1583 1826
1582 1825
1581 1824
1580 1823
1579 1822
1578 1821
1577 1820
1576 1819
1575 1818
1574 1817
1573 1816
1572 1815
1571 1814
1570 1813
1569 1812
1568 1811
1567 1810
1566 1809
1565 1808
1564 1807
1563 1806
1562 1805
1561 1804
1560 1803
1559 1802
1558 1801
1557 1800
1556 1799
1555 1798
1554 1797
1553 1796
1552 1795
1551 1794
1550 1793
1549 1792
1548 1791
1547 1790
1546 1789
1545 1788
1544 1787
1543 1786
1542 1785
1541 1784
1540 1783
1539 1782
1538 1781
1537 1780
1536 1779
1535 1778
1534 1777
1533 1776
1532 1775
1531 1774
1530 1773
1529 1772
1528 1771
1527 1770
1526 1769
1525 1768
1524 1767
1523 1766
1522 1765
1521 1764
1520 1763
1519 1762
1518 1761
1517 1760
1516 1759
1515 1758
1514 1757
1513 1756
1512 1755
1511 1754
1510 1753
1509 1752
1508 1751
1507 1750
1506 1749
1505 1748
1504 1747
1503 1746
1502 1745
1501 1744
1500 1743
1499 1742
1498 1741
1497 1740
1496 1739
1495 1738
1494 1737
1493 1736
1492 1735
1491 1734
1490 1733
1489 1732
1488 1731
1487 1730
1486 1729
1485 1728
1484 1727
1483 1726
1482 1725
1481 1724
1480 1723
1479 1722
1478 1721
1477 1720
1476 1719
1475 1718
1474 1717
1473 1716
1472 1715
1471 1714
1470 1713
1469 1712
1468 1711
1467 1710
1466 1709
1465 1708
1464 1707
1463 1706
1462 1705
1461 1704
1460 1703
1459 1702
1458 1701
1457 1700
1456 1699
1455 1698
1454 1697
1453 1696
1452 1695
1451 1694
1450 1693
1449 1692
1448 1691
1447 1690
1446 1689
1445 1688
1444 1687
1443 1686
1442 1685
1441 1684
1440 1683
1439 1682
1438 1681
1437 1680
1436 1679
1435 1678
1434 1677
1433 1676
1432 1675
1431 1674
1430 1673
1429 1672
1428 1671
1427 1670
1426 1669
1425 1668
1424 1667
1423 1666
1422 1665
1421 1664
1420 1663
1419 1662
1418 1661
1417 1660
1416 1659
1415 1658
1414 1657
1413 1656
1412 1655
1411 1654
1410 1653
1409 1652
1408 1651
1407 1650
1406 1649
1405 1648
1404 1647
1403 1646
1402 1645
1401 1644
1400 1643
1399 1642
1398 1641
1397 1640
1396 1639
1395 1638
1394 1637
1393 1636
1392 1635
1391 1634
1390 1633
1389 1632
1388 1631
1387 1630
1386 1629
1385 1628
1384 1627
1383 1626
1382 1625
1381 1624
1380 1623
1379 1622
1378 1621
1377 1620
1376 1619
1375 1618
1374 1617
1373 1616
1372 1615
1371 1614
1370 1613
1369 1612
1368 1611
1367 1610
1366 1609
1365 1608
1364 1607
1363 1606
1362 1605
1361 1604
1360 1603
1359 1602
1358 1601
1357 1600
1356 1599
1355 1598
1354 1597
1353 1596
1352 1595
1351 1594
1350 1593
1349 1592
1348 1591
1347 1590
1346 1589
1345 1588
1344 1587
1343 1586
1342 1585
1341 1584
1340 1583
1339 1582
1338 1581
1337 1580
1336 1579
1335 1578
1334 1577
1333 1576
1332 1575
1331 1574
1330 1573
1329 1572
1328 1571
1327 1570
1326 1569
1325 1568
1324 1567
1323 1566
1322 1565
1321 1564
1320 1563
1319 1562
1318 1561
1317 1560
1316 1559
1315 1558
1314 1557
1313 1556
1312 1555
1311 1554
1310 1553
1309 1552
1308 1551
1307 1550
1306 1549
1305 1548
1304 1547
1303 1546
1302 1545
1301 1544
1300 1543
1299 1542
1298 1541
1297 1540
1296 1539
1295 1538
1294 1537
1293 1536
1292 1535
1291 1534
1290 1533
1289 1532
1288 1531
1287 1530
1286 1529
1285 1528
1284 1527
1283 1526
1282 1525
1281 1524
1280 1523
1279 1522
1278 1521
1277 1520
1276 1519
1275 1518
1274 1517
1273 1516
1272 1515
1271 1514
1270 1513
1269 1512
1268 1511
1267 1510
1266 1509
1265 1508
1264 1507
1263 1506
1262 1505
1261 1504
1260 1503
1259 1502
1258 1501
1257 1500
1256 1499
1255 1498
1254 1497
1253 1496
1252 1495
1251 1494
1250 1493
1249 1492
1248 1491
1247 1490
1246 1489
1245 1488
1244 1487
1243 1486
1242 1485
1241 1484
1240 1483
1239 1482
1238 1481
1237 1480
1236 1479
1235 1478
1234 1477
1233 1476
1232 1475
1231 1474
1230 1473
1229 1472
1228 1471
1227 1470
1226 1469
1225 1468
1224 1467
1223 1466
1222 1465
1221 1464
1220 1463
1219 1462
1218 1461
1217 1460
1216 1459
1215 1458
1214 1457
1213 1456
1212 1455
1211 1454
1210 1453
1209 1452
1208 1451
1207 1450
1206 1449
1205 1448
1204 1447
1203 1446
1202 1445
1201 1444
1200 1443
1199 1442
1198 1441
1197 1440
1196 1439
1195 1438
1194 1437
1193 1436
1192 1435
1191 1434
1190 1433
1189 1432
1188 1431
1187 1430
1186 1429
1185 1428
1184 1427
1183 1426
1182 1425
1181 1424
1180 1423
1179 1422
1178 1421
1177 1420
1176 1419
1175 1418
1174 1417
1173 1416
1172 1415
1171 1414
1170 1413
1169 1412
1168 1411
1167 1410
1166 1409
1165 1408
1164 1407
1163 1406
1162 1405
1161 1404
1160 1403
1159 1402
1158 1401
1157 1400
1156 1399
1155 1398
1154 1397
1153 1396
1152 1395
1151 1394
1150 1393
1149 1392
1148 1391
1147 1390
1146 1389
1145 1388
1144 1387
1143 1386
1142 1385
1141 1384
1140 1383
1139 1382
1138 1381
1137 1380
1136 1379
1135 1378
1134 1377
1133 1376
1132 1375
1131 1374
1130 1373
1129 1372
1128 1371
1127 1370
1126 1369
1125 1368
1124 1367
1123 1366
1122 1365
1121 1364
1120 1363
1119 1362
1118 1361
1117 1360
1116 1359
1115 1358
1114 1357
1113 1356
1112 1355
1111 1354
1110 1353
1109 1352
1108 1351
1107 1350
1106 1349
1105 1348
1104 1347
1103 1346
1102 1345
1101 1344
1100 1343
1099 1342
1098 1341
1097 1340
1096 1339
1095 1338
1094 1337
1093 1336
1092 1335
1091 1334
1090 1333
1089 1332
1088 1331
1087 1330
1086 1329
1085 1328
1084 1327
1083 1326
1082 1325
1081 1324
1080 1323
1079 1322
1078 1321
1077 1320
1076 1319
1075 1318
1074 1317
1073 1316
1072 1315
1071 1314
1070 1313
1069 1312
1068 1311
1067 1310
1066 1309
1065 1308
1064 1307
1063 1306
1062 1305
1061 1304
1060 1303
1059 1302
1058 1301
1057 1300
1056 1299
1055 1298
1054 1297
1053 1296
1052 1295
1051 1294
1050 1293
1049 1292
1048 1291
1047 1290
1046 1289
1045 1288
1044 1287
1043 1286
1042 1285
1041 1284
1040 1283
1039 1282
1038 1281
1037 1280
1036 1279
1035 1278
1034 1277
1033 1276
1032 1275
1031 1274
1030 1273
1029 1272
1028 1271
1027 1270
1026 1269
1025 1268
1024 1267
1023 1266
1022 1265
1021 1264
1020 1263
1019 1262
1018 1261
1017 1260
1016 1259
1015 1258
1014 1257
1013 1256
1012 1255
1011 1254
1010 1253
1009 1252
1008 1251
1007 1250
1006 1249
1005 1248
1004 1247
1003 1246
1002 1245
1001 1244
1000 1243
999 1242
998 1241
997 1240
996 1239
995 1238
994 1237
993 1236
992 1235
991 1234
990 1233
989 1232
988 1231
987 1230
986 1229
985 1228
984 1227
983 1226
982 1225
981 1224
980 1223
979 1222
978 1221
977 1220
976 1219
975 1218
974 1217
973 1216
972 1215
971 1214
970 1213
969 1212
968 1211
967 1210
966 1209
965 1208
964 1207
963 1206
962 1205
961 1204
960 1203
959 1202
958 1201
957 1200
956 1199
955 1198
954 1197
953 1196
952 1195
951 1194
950 1193
949 1192
948 1191
947 1190
946 1189
945 1188
944 1187
943 1186
942 1185
941 1184
940 1183
939 1182
938 1181
937 1180
936 1179
935 1178
934 1177
933 1176
932 1175
931 1174
930 1173
929 1172
928 1171
927 1170
926 1169
925 1168
924 1167
923 1166
922 1165
921 1164
920 1163
919 1162
918 1161
917 1160
916 1159
915 1158
914 1157
913 1156
912 1155
911 1154
910 1153
909 1152
908 1151
907 1150
906 1149
905 1148
904 1147
903 1146
902 1145
901 1144
900 1143
899 1142
898 1141
897 1140
896 1139
895 1138
894 1137
893 1136
892 1135
891 1134
890 1133
889 1132
888 1131
887 1130
886 1129
885 1128
884 1127
883 1126
882 1125
881 1124
880 1123
879 1122
878 1121
877 1120
876 1119
875 1118
874 1117
873 1116
872 1115
871 1114
870 1113
869 1112
868 1111
867 1110
866 1109
865 1108
864 1107
863 1106
862 1105
861 1104
860 1103
859 1102
858 1101
857 1100
856 1099
855 1098
854 1097
853 1096
852 1095
851 1094
850 1093
849 1092
848 1091
847 1090
846 1089
845 1088
844 1087
843 1086
842 1085
841 1084
840 1083
839 1082
838 1081
837 1080
836 1079
835 1078
834 1077
833 1076
832 1075
831 1074
830 1073
829 1072
828 1071
827 1070
826 1069
825 1068
824 1067
823 1066
822 1065
821 1064
820 1063
819 1062
818 1061
817 1060
816 1059
815 1058
814 1057
813 1056
812 1055
811 1054
810 1053
809 1052
808 1051
807 1050
806 1049
805 1048
804 1047
803 1046
802 1045
801 1044
800 1043
799 1042
798 1041
797 1040
796 1039
795 1038
794 1037
793 1036
792 1035
791 1034
790 1033
789 1032
788 1031
787 1030
786 1029
785 1028
784 1027
783 1026
782 1025
781 1024
780 1023
779 1022
778 1021
777 1020
776 1019
775 1018
774 1017
773 1016
772 1015
771 1014
770 1013
769 1012
768 1011
767 1010
766 1009
765 1008
764 1007
763 1006
762 1005
761 1004
760 1003
759 1002
758 1001
757 1000
756 999
755 998
754 997
753 996
752 995
751 994
750 993
749 992
748 991
747 990
746 989
745 988
744 987
743 986
742 985
741 984
740 983
739 982
738 981
737 980
736 979
735 978
734 977
733 976
732 975
731 974
730 973
729 972
728 971
727 970
726 969
725 968
724 967
723 966
722 965
721 964
720 963
719 962
718 961
717 960
716 959
715 958
714 957
713 956
712 955
711 954
710 953
709 952
708 951
707 950
706 949
705 948
704 947
703 946
702 945
701 944
700 943
699 942
698 941
697 940
696 939
695 938
694 937
693 936
692 935
691 934
690 933
689 932
688 931
687 930
686 929
685 928
684 927
683 926
682 925
681 924
680 923
679 922
678 921
677 920
676 919
675 918
674 917
673 916
672 915
671 914
670 913
669 912
668 911
667 910
666 909
665 908
664 907
663 906
662 905
661 904
660 903
659 902
658 901
657 900
656 899
655 898
654 897
653 896
652 895
651 894
650 893
649 892
648 891
647 890
646 889
645 888
644 887
643 886
642 885
641 884
640 883
639 882
638 881
637 880
636 879
635 878
634 877
633 876
632 875
631 874
630 873
629 872
628 871
627 870
626 869
625 868
624 867
623 866
622 865
621 864
620 863
619 862
618 861
617 860
616 859
615 858
614 857
613 856
612 855
611 854
610 853
609 852
608 851
607 850
606 849
605 848
604 847
603 846
602 845
601 844
600 843
599 842
598 841
597 840
596 839
595 838
594 837
593 836
592 835
591 834
590 833
589 832
588 831
587 830
586 829
585 828
584 827
583 826
582 825
581 824
580 823
579 822
578 821
577 820
576 819
575 818
574 817
573 816
572 815
571 814
570 813
569 812
568 811
567 810
566 809
565 808
564 807
563 806
562 805
561 804
560 803
559 802
558 801
557 800
556 799
555 798
554 797
553 796
552 795
551 794
550 793
549 792
548 791
547 790
546 789
545 788
544 787
543 786
542 785
541 784
540 783
539 782
538 781
537 780
536 779
535 778
534 777
533 776
532 775
531 774
530 773
529 772
528 771
527 770
526 769
525 768
524 767
523 766
522 765
521 764
520 763
519 762
518 761
517 760
516 759
515 758
514 757
513 756
512 755
511 754
510 753
509 752
508 751
507 750
506 749
505 748
504 747
503 746
502 745
501 744
500 743
499 742
498 741
497 740
496 739
495 738
494 737
493 736
492 735
491 734
490 733
489 732
488 731
487 730
486 729
485 728
484 727
483 726
482 725
481 724
480 723
479 722
478 721
477 720
476 719
475 718
474 717
473 716
472 715
471 714
470 713
469 712
468 711
467 710
466 709
465 708
464 707
463 706
462 705
461 704
460 703
459 702
458 701
457 700
456 699
455 698
454 697
453 696
452 695
451 694
450 693
449 692
448 691
447 690
446 689
445 688
444 687
443 686
442 685
441 684
440 683
439 682
438 681
437 680
436 679
435 678
434 677
433 676
432 675
431 674
430 673
429 672
428 671
427 670
426 669
425 668
424 667
423 666
422 665
421 664
420 663
419 662
418 661
417 660
416 659
415 658
414 657
413 656
412 655
411 654
410 653
409 652
408 651
407 650
406 649
405 648
404 647
403 646
402 645
401 644
400 643
399 642
398 641
397 640
396 639
395 638
394 637
393 636
392 635
391 634
390 633
389 632
388 631
387 630
386 629
385 628
384 627
383 626
382 625
381 624
380 623
379 622
378 621
377 620
376 619
375 618
374 617
373 616
372 615
371 614
370 613
369 612
368 611
367 610
366 609
365 608
364 607
363 606
362 605
361 604
360 603
359 602
358 601
357 600
356 599
355 598
354 597
353 596
352 595
351 594
350 593
349 592
348 591
347 590
346 589
345 588
344 587
343 586
342 585
341 584
340 583
339 582
338 581
337 580
336 579
335 578
334 577
333 576
332 575
331 574
330 573
329 572
328 571
327 570
326 569
325 568
324 567
323 566
322 565
321 564
320 563
319 562
318 561
317 560
316 559
315 558
314 557
313 556
312 555
311 554
310 553
309 552
308 551
307 550
306 549
305 548
304 547
303 546
302 545
301 544
300 543
299 542
298 541
297 540
296 539
295 538
294 537
293 536
292 535
291 534
290 533
289 532
288 531
287 530
286 529
285 528
284 527
283 526
282 525
281 524
280 523
279 522
278 521
277 520
276 519
275 518
274 517
273 516
272 515
271 514
270 513
269 512
268 511
267 510
266 509
265 508
264 507
263 506
262 505
261 504
260 503
259 502
258 501
257 500
256 499
255 498
254 497
253 496
252 495
251 494
250 493
249 492
248 491
247 490
246 489
245 488
244 487
243 486
242 485
241 484
240 483
239 482
238 481
237 480
236 479
235 478
234 477
233 476
232 475
231 474
230 473
229 472
228 471
227 470
226 469
225 468
224 467
223 466
222 465
221 464
220 463
219 462
218 461
217 460
216 459
215 458
214 457
213 456
212 455
211 454
210 453
209 452
208 451
207 450
206 449
205 448
204 447
203 446
202 445
201 444
200 443
199 442
198 441
197 440
196 439
195 438
194 437
193 436
192 435
191 434
190 433
189 432
188 431
187 430
186 429
185 428
184 427
183 426
182 425
181 424
180 423
179 422
178 421
177 420
176 419
175 418
174 417
173 416
172 415
171 414
170 413
169 412
168 411
167 410
166 409
165 408
164 407
163 406
162 405
161 404
160 403
159 402
158 401
157 400
156 399
155 398
154 397
153 396
152 395
151 394
150 393
149 392
148 391
147 390
146 389
145 388
144 387
143 386
142 385
141 384
140 383
139 382
138 381
137 380
136 379
135 378
134 377
133 376
132 375
131 374
130 373
129 372
128 371
127 370
126 369
125 368
124 367
123 366
122 365
121 364
120 363
119 362
118 361
117 360
116 359
115 358
114 357
113 356
112 355
111 354
110 353
109 352
108 351
107 350
106 349
105 348
104 347
103 346
102 345
101 344
100 343
99 342
98 341
97 340
96 339
95 338
94 337
93 336
92 335
91 334
90 333
89 332
88 331
87 330
86 329
85 328
84 327
83 326
82 325
81 324
80 323
79 322
78 321
77 320
76 319
75 318
74 317
73 316
72 315
71 314
70 313
69 312
68 311
67 310
66 309
65 308
64 307
63 306
62 305
61 304
60 303
59 302
58 301
57 300
56 299
55 298
54 297
53 296
52 295
51 294
50 293
49 292
48 291
47 290
46 289
45 288
44 287
43 286
42 285
41 284
40 283
39 282
38 281
37 280
36 279
35 278
34 277
33 276
32 275
31 274
30 273
29 272
28 271
27 270
26 269
25 268
24 267
23 266
22 265
21 264
20 263
19 262
18 261
17 260
16 259
15 258
14 257
13 256
12 255
11 254
10 253
9 252
8 251
7 250
6 249
5 248
4 247
3 246
2 245
1 244
0 243
1000 242
1000 241
1000 240
1000 239
1000 238
1000 237
1000 236
1000 235
1000 234
1000 233
1000 232
1000 231
1000 230
1000 229
1000 228
1000 227
1000 226
1000 225
1000 224
1000 223
1000 222
1000 221
1000 220
1000 219
1000 218
1000 217
1000 216
1000 215
1000 214
1000 213
1000 212
1000 211
1000 210
1000 209
1000 208
1000 207
1000 206
1000 205
1000 204
1000 203
1000 202
1000 201
1000 200
1000 199
1000 198
1000 197
1000 196
1000 195
1000 194
1000 193
1000 192
1000 191
1000 190
1000 189
1000 188
1000 187
1000 186
1000 185
1000 184
1000 183
1000 182
1000 181
1000 180
1000 179
1000 178
1000 177
1000 176
1000 175
1000 174
1000 173
1000 172
1000 171
1000 170
1000 169
1000 168
1000 167
1000 166
1000 165
1000 164
1000 163
1000 162
1000 161
1000 160
1000 159
1000 158
1000 157
1000 156
1000 155
1000 154
1000 153
1000 152
1000 151
1000 150
1000 149
1000 148
1000 147
1000 146
1000 145
1000 144
1000 143
1000 142
1000 141
1000 140
1000 139
1000 138
1000 137
1000 136
1000 135
1000 134
1000 133
1000 132
1000 131
1000 130
1000 129
1000 128
1000 127
1000 126
1000 125
1000 124
1000 123
1000 122
1000 121
1000 120
1000 119
1000 118
1000 117
1000 116
1000 115
1000 114
1000 113
1000 112
1000 111
1000 110
1000 109
1000 108
1000 107
1000 106
1000 105
1000 104
1000 103
1000 102
1000 101
1000 100
1000 99
1000 98
1000 97
1000 96
1000 95
1000 94
1000 93
1000 92
1000 91
1000 90
1000 89
1000 88
1000 87
1000 86
1000 85
1000 84
1000 83
1000 82
1000 81
1000 80
1000 79
1000 78
1000 77
1000 76
1000 75
1000 74
1000 73
1000 72
1000 71
1000 70
1000 69
1000 68
1000 67
1000 66
1000 65
1000 64
1000 63
1000 62
1000 61
1000 60
1000 59
1000 58
1000 57
1000 56
1000 55
1000 54
1000 53
1000 52
1000 51
1000 50
1000 49
1000 48
1000 47
1000 46
1000 45
1000 44
1000 43
1000 42
1000 41
1000 40
1000 39
1000 38
1000 37
1000 36
1000 35
1000 34
1000 33
1000 32
1000 31
1000 30
1000 29
1000 28
1000 27
1000 26
1000 25
1000 24
1000 23
1000 22
1000 21
1000 20
1000 19
1000 18
1000 17
1000 16
1000 15
1000 14
1000 13
1000 12
1000 11
1000 10
1000 9
1000 8
1000 7
1000 6
1000 5
1000 4
1000 3
1000 2
1000 1
1000 0
1000 1000
1000 1000
1000 1000
1000 1000
1000 1000
1000 1000
1000 1000
1000 1000
1000 1000
1000 1000
1000 1000
1000 1000
1000 1000
1000 1000
1000 1000
1000 1000
1000 1000
1000 1000
1000 1000
1000 1000
1000 1000
1000 1000
1000 1000
1000 1000
1000 1000
1000 1000
1000 1000
1000 1000
1000 1000
1000 1000
1000 1000
1000 1000
1000 1000
1000 1000
1000 1000
1000 1000
1000 1000
1000 1000
1000 1000
1000 1000
1000 1000
1000 1000
1000 1000
1000 1000
1000 1000
1000 1000
1000 1000
1000 1000
1000 1000
1000 1000
1000 1000
1000 1000
1000 1000
1000 1000
1000 1000
1000 1000
1000 1000
1000 1000
1000 1000
1000 1000
1000 1000
1000 1000
1000 1000
1000 1000
1000 1000
1000 1000
1000 1000
1000 1000
1000 1000
1000 1000
1000 1000
1000 1000
1000 1000
1000 1000
1000 1000
1000 1000
1000 1000
1000 1000
1000 1000
1000 1000
1000 1000
1000 1000
1000 1000
1000 1000
1000 1000
1000 1000
1000 1000
1000 1000
1000 1000
1000 1000
1000 1000
1000 1000
1000 1000
1000 1000
1000 1000
1000 1000
1000 1000
1000 1000
1000 1000
1000 1000
1000 1000
1000 1000
1000 1000
1000 1000
1000 1000
1000 1000
1000 1000
1000 1000
1000 1000
1000 1000
1000 1000
1000 1000
1000 1000
1000 1000
1000 1000
1000 1000
1000 1000
1000 1000
1000 1000
1000 1000
1000 1000
1000 1000
1000 1000
1000 1000
1000 1000
1000 1000
1000 1000
1000 1000
1000 1000
1000 1000
1000 1000
1000 1000
1000 1000
1000 1000
1000 1000
1000 1000
1000 1000
1000 1000
1000 1000
1000 1000
1000 1000
1000 1000
1000 1000
1000 1000
1000 1000
1000 1000
1000 1000
1000 1000
1000 1000
1000 1000
1000 1000
1000 1000
1000 1000
1000 1000
1000 1000
1000 1000
1000 1000
1000 1000
1000 1000
1000 1000
1000 1000
1000 1000
1000 1000
1000 1000
1000 1000
1000 1000
1000 1000
1000 1000
1000 1000
1000 1000
1000 1000
1000 1000
1000 1000
1000 1000
1000 1000
1000 1000
1000 1000
1000 1000
1000 1000
1000 1000
1000 1000
1000 1000
1000 1000
1000 1000
1000 1000
1000 1000
1000 1000
1000 1000
1000 1000
1000 1000
1000 1000
1000 1000
1000 1000
1000 1000
1000 1000
1000 1000
1000 1000
1000 1000
1000 1000
1000 1000
1000 1000
1000 1000
1000 1000
1000 1000
1000 1000
1000 1000
1000 1000
1000 1000
1000 1000
1000 1000
1000 1000
1000 1000
1000 1000
1000 1000
1000 1000
1000 1000
1000 1000
1000 1000
1000 1000
1000 1000
1000 1000
1000 1000
1000 1000
1000 1000
1000 1000
1000 1000
1000 1000
1000 1000
1000 1000
1000 1000
1000 1000
1000 1000
1000 1000
1000 1000
1000 1000
1000 1000
1000 1000
1000 1000
1000 1000
1000 1000
1000 1000
1000 1000
1000 1000
1000 1000
1000 1000
1000 1000
1000 1000
1000 1000
1000 1000
1000 1000
1000 1000
1000 1000
1000 1000
1000 1000
1000 1000
1000 1000
1000 1000
1000 1000
1000 1000
1000 1000
1000 1000
1000 1000
1000 1000
1000 1000
1000 1000
1000 1000
1000 1000
1000 1000
1000 1000
1000 1000
1000 1000
1000 1000
1000 1000
1000 1000
1000 1000
1000 1000
1000 1000
1000 1000
1000 1000
1000 1000
1000 1000
1000 1000
1000 1000
1000 1000
1000 1000
1000 1000
1000 1000
1000 1000
1000 1000
1000 1000
1000 1000
1000 1000
1000 1000
1000 1000
1000 1000
1000 1000
1000 1000
1000 1000
1000 1000
1000 1000
1000 1000
1000 1000
1000 1000
1000 1000
1000 1000
1000 1000
1000 1000
1000 1000
1000 1000
1000 1000
1000 1000
1000 1000
1000 1000
1000 1000
1000 1000
1000 1000
1000 1000
1000 1000
1000 1000
1000 1000
1000 1000
1000 1000
1000 1000
1000 1000
1000 1000
1000 1000
1000 1000
1000 1000
1000 1000
1000 1000
1000 1000
1000 1000
1000 1000
1000 1000
1000 1000
1000 1000
1000 1000
1000 1000
1000 1000
1000 1000
1000 1000
1000 1000
1000 1000
1000 1000
1000 1000
1000 1000
1000 1000
1000 1000
1000 1000
1000 1000
1000 1000
1000 1000
1000 1000
1000 1000
1000 1000
1000 1000
1000 1000
1000 1000
1000 1000
1000 1000
1000 1000
1000 1000
1000 1000
1000 1000
1000 1000
1000 1000
1000 1000
1000 1000
1000 1000
1000 1000
1000 1000
1000 1000
1000 1000
1000 1000
1000 1000
1000 1000
1000 1000
1000 1000
1000 1000
1000 1000
1000 1000
1000 1000
1000 1000
1000 1000
1000 1000
1000 1000
1000 1000
1000 1000
1000 1000
1000 1000
1000 1000
1000 1000
1000 1000
1000 1000
1000 1000
1000 1000
1000 1000
1000 1000
1000 1000
1000 1000
1000 1000
1000 1000
1000 1000
1000 1000
1000 1000
1000 1000
1000 1000
1000 1000
1000 1000
1000 1000
1000 1000
1000 1000
1000 1000
1000 1000
1000 1000
1000 1000
1000 1000
1000 1000
1000 1000
1000 1000
1000 1000
1000 1000
1000 1000
1000 1000
1000 1000
1000 1000
1000 1000
1000 1000
1000 1000
1000 1000
1000 1000
1000 1000
1000 1000
1000 1000
1000 1000
1000 1000
1000 1000
1000 1000
1000 1000
1000 1000
1000 1000
1000 1000
1000 1000
1000 1000
1000 1000
1000 1000
1000 1000
1000 1000
1000 1000
1000 1000
1000 1000
1000 1000
1000 1000
1000 1000
1000 1000
1000 1000
1000 1000
1000 1000
1000 1000
1000 1000
1000 1000
1000 1000
1000 1000
1000 1000
1000 1000
1000 1000
1000 1000
1000 1000
1000 1000
1000 1000
1000 1000
1000 1000
1000 1000
1000 1000
1000 1000
1000 1000
1000 1000
1000 1000
1000 1000
1000 1000
1000 1000
1000 1000
1000 1000
1000 1000
1000 1000
1000 1000
1000 1000
1000 1000
1000 1000
1000 1000
1000 1000
1000 1000
1000 1000
1000 1000
1000 1000
1000 1000
1000 1000
1000 1000
1000 1000
1000 1000
1000 1000
1000 1000
1000 1000
1000 1000
1000 1000
1000 1000
1000 1000
1000 1000
1000 1000
1000 1000
1000 1000
1000 1000
1000 1000
1000 1000
1000 1000
1000 1000
1000 1000
1000 1000
1000 1000
1000 1000
1000 1000
1000 1000
1000 1000
1000 1000
1000 1000
1000 1000
1000 1000
1000 1000
1000 1000
1000 1000
1000 1000
1000 1000
1000 1000
1000 1000
1000 1000
1000 1000
1000 1000
1000 1000
1000 1000
1000 1000
1000 1000
1000 1000
1000 1000
1000 1000
1000 1000
1000 1000
1000 1000
1000 1000
1000 1000
1000 1000
1000 1000
1000 1000
1000 1000
1000 1000
1000 1000
1000 1000
1000 1000
1000 1000
1000 1000
1000 1000
1000 1000
1000 1000
1000 1000
1000 1000
1000 1000
1000 1000
1000 1000
1000 1000
1000 1000
1000 1000
1000 1000
1000 1000
1000 1000
1000 1000
1000 1000
1000 1000
1000 1000
1000 1000
1000 1000
1000 1000
1000 1000
1000 1000
1000 1000
1000 1000
1000 1000
1000 1000
1000 1000
1000 1000
1000 1000
1000 1000
1000 1000
1000 1000
1000 1000
1000 1000
1000 1000
1000 1000
1000 1000
1000 1000
1000 1000
1000 1000
1000 1000
1000 1000
1000 1000
1000 1000
1000 1000
1000 1000
1000 1000
1000 1000
1000 1000
1000 1000
1000 1000
1000 1000
1000 1000
1000 1000
1000 1000
1000 1000
1000 1000
1000 1000
1000 1000
1000 1000
1000 1000
1000 1000
1000 1000
1000 1000
1000 1000
1000 1000
1000 1000
1000 1000
1000 1000
1000 1000
1000 1000
1000 1000
1000 1000
1000 1000
1000 1000
1000 1000
1000 1000
1000 1000
1000 1000
1000 1000
1000 1000
1000 1000
1000 1000
1000 1000
1000 1000
1000 1000
1000 1000
1000 1000
1000 1000
1000 1000
1000 1000
1000 1000
1000 1000
1000 1000
1000 1000
1000 1000
1000 1000
1000 1000
1000 1000
1000 1000
1000 1000
1000 1000
1000 1000
1000 1000
1000 1000
1000 1000
1000 1000
1000 1000
1000 1000
1000 1000
1000 1000
1000 1000
1000 1000
1000 1000
1000 1000
1000 1000
1000 1000
1000 1000
1000 1000
1000 1000
1000 1000
1000 1000
1000 1000
1000 1000
1000 1000
1000 1000
1000 1000
1000 1000
1000 1000
1000 1000
1000 1000
1000 1000
1000 1000
1000 1000
1000 1000
1000 1000
1000 1000
1000 1000
1000 1000
1000 1000
1000 1000
1000 1000
1000 1000
1000 1000
1000 1000
1000 1000
1000 1000
1000 1000
1000 1000
1000 1000
1000 1000
1000 1000
1000 1000
1000 1000
1000 1000
1000 1000
1000 1000
1000 1000
1000 1000
1000 1000
1000 1000
1000 1000
1000 1000
1000 1000
1000 1000
1000 1000
1000 1000
1000 1000
1000 1000
1000 1000
1000 1000
1000 1000
1000 1000
1000 1000
1000 1000
1000 1000
1000 1000
1000 1000
1000 1000
1000 1000
1000 1000
1000 1000
1000 1000
1000 1000
1000 1000
1000 1000
1000 1000
1000 1000
1000 1000
1000 1000
1000 1000
1000 1000
1000 1000
1000 1000
1000 1000
1000 1000
1000 1000
1000 1000
1000 1000
1000 1000
1000 1000
1000 1000
1000 1000
1000 1000
1000 1000
1000 1000
1000 1000
1000 1000
1000 1000
1000 1000
1000 1000
1000 1000
1000 1000
1000 1000
1000 1000
1000 1000
1000 1000
1000 1000
1000 1000
1000 1000
1000 1000
1000 1000
1000 1000
1000 1000
1000 1000
1000 1000
1000 1000
1000 1000
1000 1000
1000 1000
1000 1000
1000 1000
1000 1000
1000 1000
1000 1000
1000 1000
1000 1000
1000 1000
1000 1000
1000 1000
1000 1000
1000 1000
1000 1000
1000 1000
1000 1000
1000 1000
1000 1000
1000 1000
1000 1000
1000 1000
1000 1000
1000 1000
1000 1000
1000 1000
1000 1000
1000 1000
1000 1000
1000 1000
1000 1000
1000 1000
1000 1000
1000 1000
1000 1000
1000 1000
1000 1000
1000 1000
1000 1000
1000 1000
1000 1000
1000 1000
1000 1000
1000 1000
1000 1000
1000 1000
1000 1000
1000 1000
1000 1000
1000 1000
1000 1000
1000 1000
1000 1000
1000 1000
1000 1000
1000 1000
1000 1000
1000 1000
1000 1000
1000 1000
1000 1000
1000 1000
1000 1000
1000 1000
1000 1000
1000 1000
1000 1000
1000 1000
1000 1000
1000 1000
1000 1000
1000 1000
1000 1000
1000 1000
1000 1000
1000 1000
1000 1000
1000 1000
1000 1000
1000 1000
1000 1000
1000 1000
1000 1000
1000 1000
1000 1000
1000 1000
1000 1000
1000 1000
1000 1000
1000 1000
1000 1000
1000 1000
1000 1000
1000 1000
1000 1000
1000 1000
1000 1000
1000 1000
1000 1000
1000 1000
1000 1000
1000 1000
1000 1000
1000 1000
1000 1000
1000 1000
1000 1000
1000 1000
1000 1000
1000 1000
1000 1000
1000 1000
1000 1000
1000 1000
1000 1000
1000 1000
1000 1000
1000 1000
1000 1000
1000 1000
1000 1000
1000 1000
1000 1000
1000 1000
1000 1000
1000 1000
1000 1000
1000 1000
1000 1000
1000 1000
1000 1000
1000 1000
1000 1000
1000 1000
1000 1000
1000 1000
1000 1000
1000 1000
1000 1000
1000 1000
1000 1000
1000 1000
1000 1000
1000 1000
1000 1000
1000 1000
1000 1000
1000 1000
1000 1000
1000 1000
1000 1000
1000 1000
1000 1000
1000 1000
1000 1000
1000 1000
1000 1000
1000 1000
1000 1000
1000 1000
1000 1000
1000 1000
1000 1000
1000 1000
1000 1000
1000 1000
1000 1000
1000 1000
1000 1000
1000 1000
1000 1000
1000 1000
1000 1000
1000 1000
1000 1000
1000 1000
1000 1000
1000 1000
1000 1000
1000 1000
1000 1000
1000 1000
1000 1000
1000 1000
1000 1000
1000 1000
1000 1000
1000 1000
1000 1000
1000 1000
1000 1000
1000 1000
1000 1000
1000 1000
1000 1000
1000 1000
1000 1000
1000 1000
1000 1000
1000 1000
1000 1000
1000 1000
1000 1000
1000 1000
1000 1000
1000 1000
1000 1000
1000 1000
1000 1000
1000 1000
1000 1000
1000 1000
