1158 1279
1157 1278
1156 1277
1155 1276
1154 1275
1153 1274
1152 1273
1151 1272
1150 1271
1149 1270
1148 1269
1147 1268
1146 1267
1145 1266
1144 1265
1143 1264
1142 1263
1141 1262
1140 1261
1139 1260
1138 1259
1137 1258
1136 1257
1135 1256
1134 1255
1133 1254
1132 1253
1131 1252
1130 1251
1129 1250
1128 1249
1127 1248
1126 1247
1125 1246
1124 1245
1123 1244
1122 1243
1121 1242
1120 1241
1119 1240
1118 1239
1117 1238
1116 1237
1115 1236
1114 1235
1113 1234
1112 1233
1111 1232
1110 1231
1109 1230
1108 1229
1107 1228
1106 1227
1105 1226
1104 1225
1103 1224
1102 1223
1101 1222
1100 1221
1099 1220
1098 1219
1097 1218
1096 1217
1095 1216
1094 1215
1093 1214
1092 1213
1091 1212
1090 1211
1089 1210
1088 1209
1087 1208
1086 1207
1085 1206
1084 1205
1083 1204
1082 1203
1081 1202
1080 1201
1079 1200
1078 1199
1077 1198
1076 1197
1075 1196
1074 1195
1073 1194
1072 1193
1071 1192
1070 1191
1069 1190
1068 1189
1067 1188
1066 1187
1065 1186
1064 1185
1063 1184
1062 1183
1061 1182
1060 1181
1059 1180
1058 1179
1057 1178
1056 1177
1055 1176
1054 1175
1053 1174
1052 1173
1051 1172
1050 1171
1049 1170
1048 1169
1047 1168
1046 1167
1045 1166
1044 1165
1043 1164
1042 1163
1041 1162
1040 1161
1039 1160
1038 1159
1037 1158
1036 1157
1035 1156
1034 1155
1033 1154
1032 1153
1031 1152
1030 1151
1029 1150
1028 1149
1027 1148
1026 1147
1025 1146
1024 1145
1023 1144
1022 1143
1021 1142
1020 1141
1019 1140
1018 1139
1017 1138
1016 1137
1015 1136
1014 1135
1013 1134
1012 1133
1011 1132
1010 1131
1009 1130
1008 1129
1007 1128
1006 1127
1005 1126
1004 1125
1003 1124
1002 1123
1001 1122
1000 1121
999 1120
998 1119
997 1118
996 1117
995 1116
994 1115
993 1114
992 1113
991 1112
990 1111
989 1110
988 1109
987 1108
986 1107
985 1106
984 1105
983 1104
982 1103
981 1102
980 1101
979 1100
978 1099
977 1098
976 1097
975 1096
974 1095
973 1094
972 1093
971 1092
970 1091
969 1090
968 1089
967 1088
966 1087
965 1086
964 1085
963 1084
962 1083
961 1082
960 1081
959 1080
958 1079
957 1078
956 1077
955 1076
954 1075
953 1074
952 1073
951 1072
950 1071
949 1070
948 1069
947 1068
946 1067
945 1066
944 1065
943 1064
942 1063
941 1062
940 1061
939 1060
938 1059
937 1058
936 1057
935 1056
934 1055
933 1054
932 1053
931 1052
930 1051
929 1050
928 1049
927 1048
926 1047
925 1046
924 1045
923 1044
922 1043
921 1042
920 1041
919 1040
918 1039
917 1038
916 1037
915 1036
914 1035
913 1034
912 1033
911 1032
910 1031
909 1030
908 1029
907 1028
906 1027
905 1026
904 1025
903 1024
902 1023
901 1022
900 1021
899 1020
898 1019
897 1018
896 1017
895 1016
894 1015
893 1014
892 1013
891 1012
890 1011
889 1010
888 1009
887 1008
886 1007
885 1006
884 1005
883 1004
882 1003
881 1002
880 1001
879 1000
878 999
877 998
876 997
875 996
874 995
873 994
872 993
871 992
870 991
869 990
868 989
867 988
866 987
865 986
864 985
863 984
862 983
861 982
860 981
859 980
858 979
857 978
856 977
855 976
854 975
853 974
852 973
851 972
850 971
849 970
848 969
847 968
846 967
845 966
844 965
843 964
842 963
841 962
840 961
839 960
838 959
837 958
836 957
835 956
834 955
833 954
832 953
831 952
830 951
829 950
828 949
827 948
826 947
825 946
824 945
823 944
822 943
821 942
820 941
819 940
818 939
817 938
816 937
815 936
814 935
813 934
812 933
811 932
810 931
809 930
808 929
807 928
806 927
805 926
804 925
803 924
802 923
801 922
800 921
799 920
798 919
797 918
796 917
795 916
794 915
793 914
792 913
791 912
790 911
789 910
788 909
787 908
786 907
785 906
784 905
783 904
782 903
781 902
780 901
779 900
778 899
777 898
776 897
775 896
774 895
773 894
772 893
771 892
770 891
769 890
768 889
767 888
766 887
765 886
764 885
763 884
762 883
761 882
760 881
759 880
758 879
757 878
756 877
755 876
754 875
753 874
752 873
751 872
750 871
749 870
748 869
747 868
746 867
745 866
744 865
743 864
742 863
741 862
740 861
739 860
738 859
737 858
736 857
735 856
734 855
733 854
732 853
731 852
730 851
729 850
728 849
727 848
726 847
725 846
724 845
723 844
722 843
721 842
720 841
719 840
718 839
717 838
716 837
715 836
714 835
713 834
712 833
711 832
710 831
709 830
708 829
707 828
706 827
705 826
704 825
703 824
702 823
701 822
700 821
699 820
698 819
697 818
696 817
695 816
694 815
693 814
692 813
691 812
690 811
689 810
688 809
687 808
686 807
685 806
684 805
683 804
682 803
681 802
680 801
679 800
678 799
677 798
676 797
675 796
674 795
673 794
672 793
671 792
670 791
669 790
668 789
667 788
666 787
665 786
664 785
663 784
662 783
661 782
660 781
659 780
658 779
657 778
656 777
655 776
654 775
653 774
652 773
651 772
650 771
649 770
648 769
647 768
646 767
645 766
644 765
643 764
642 763
641 762
640 761
639 760
638 759
637 758
636 757
635 756
634 755
633 754
632 753
631 752
630 751
629 750
628 749
627 748
626 747
625 746
624 745
623 744
622 743
621 742
620 741
619 740
618 739
617 738
616 737
615 736
614 735
613 734
612 733
611 732
610 731
609 730
608 729
607 728
606 727
605 726
604 725
603 724
602 723
601 722
600 721
599 720
598 719
597 718
596 717
595 716
594 715
593 714
592 713
591 712
590 711
589 710
588 709
587 708
586 707
585 706
584 705
583 704
582 703
581 702
580 701
579 700
578 699
577 698
576 697
575 696
574 695
573 694
572 693
571 692
570 691
569 690
568 689
567 688
566 687
565 686
564 685
563 684
562 683
561 682
560 681
559 680
558 679
557 678
556 677
555 676
554 675
553 674
552 673
551 672
550 671
549 670
548 669
547 668
546 667
545 666
544 665
543 664
542 663
541 662
540 661
539 660
538 659
537 658
536 657
535 656
534 655
533 654
532 653
531 652
530 651
529 650
528 649
527 648
526 647
525 646
524 645
523 644
522 643
521 642
520 641
519 640
518 639
517 638
516 637
515 636
514 635
513 634
512 633
511 632
510 631
509 630
508 629
507 628
506 627
505 626
504 625
503 624
502 623
501 622
500 621
499 620
498 619
497 618
496 617
495 616
494 615
493 614
492 613
491 612
490 611
489 610
488 609
487 608
486 607
485 606
484 605
483 604
482 603
481 602
480 601
479 600
478 599
477 598
476 597
475 596
474 595
473 594
472 593
471 592
470 591
469 590
468 589
467 588
466 587
465 586
464 585
463 584
462 583
461 582
460 581
459 580
458 579
457 578
456 577
455 576
454 575
453 574
452 573
451 572
450 571
449 570
448 569
447 568
446 567
445 566
444 565
443 564
442 563
441 562
440 561
439 560
438 559
437 558
436 557
435 556
434 555
433 554
432 553
431 552
430 551
429 550
428 549
427 548
426 547
425 546
424 545
423 544
422 543
421 542
420 541
419 540
418 539
417 538
416 537
415 536
414 535
413 534
412 533
411 532
410 531
409 530
408 529
407 528
406 527
405 526
404 525
403 524
402 523
401 522
400 521
399 520
398 519
397 518
396 517
395 516
394 515
393 514
392 513
391 512
390 511
389 510
388 509
387 508
386 507
385 506
384 505
383 504
382 503
381 502
380 501
379 500
378 499
377 498
376 497
375 496
374 495
373 494
372 493
371 492
370 491
369 490
368 489
367 488
366 487
365 486
364 485
363 484
362 483
361 482
360 481
359 480
358 479
357 478
356 477
355 476
354 475
353 474
352 473
351 472
350 471
349 470
348 469
347 468
346 467
345 466
344 465
343 464
342 463
341 462
340 461
339 460
338 459
337 458
336 457
335 456
334 455
333 454
332 453
331 452
330 451
329 450
328 449
327 448
326 447
325 446
324 445
323 444
322 443
321 442
320 441
319 440
318 439
317 438
316 437
315 436
314 435
313 434
312 433
311 432
310 431
309 430
308 429
307 428
306 427
305 426
304 425
303 424
302 423
301 422
300 421
299 420
298 419
297 418
296 417
295 416
294 415
293 414
292 413
291 412
290 411
289 410
288 409
287 408
286 407
285 406
284 405
283 404
282 403
281 402
280 401
279 400
278 399
277 398
276 397
275 396
274 395
273 394
272 393
271 392
270 391
269 390
268 389
267 388
266 387
265 386
264 385
263 384
262 383
261 382
260 381
259 380
258 379
257 378
256 377
255 376
254 375
253 374
252 373
251 372
250 371
249 370
248 369
247 368
246 367
245 366
244 365
243 364
242 363
241 362
240 361
239 360
238 359
237 358
236 357
235 356
234 355
233 354
232 353
231 352
230 351
229 350
228 349
227 348
226 347
225 346
224 345
223 344
222 343
221 342
220 341
219 340
218 339
217 338
216 337
215 336
214 335
213 334
212 333
211 332
210 331
209 330
208 329
207 328
206 327
205 326
204 325
203 324
202 323
201 322
200 321
199 320
198 319
197 318
196 317
195 316
194 315
193 314
192 313
191 312
190 311
189 310
188 309
187 308
186 307
185 306
184 305
183 304
182 303
181 302
180 301
179 300
178 299
177 298
176 297
175 296
174 295
173 294
172 293
171 292
170 291
169 290
168 289
167 288
166 287
165 286
164 285
163 284
162 283
161 282
160 281
159 280
158 279
157 278
156 277
155 276
154 275
153 274
152 273
151 272
150 271
149 270
148 269
147 268
146 267
145 266
144 265
143 264
142 263
141 262
140 261
139 260
138 259
137 258
136 257
135 256
134 255
133 254
132 253
131 252
130 251
129 250
128 249
127 248
126 247
125 246
124 245
123 244
122 243
121 242
120 241
119 240
118 239
117 238
116 237
115 236
114 235
113 234
112 233
111 232
110 231
109 230
108 229
107 228
106 227
105 226
104 225
103 224
102 223
101 222
100 221
99 220
98 219
97 218
96 217
95 216
94 215
93 214
92 213
91 212
90 211
89 210
88 209
87 208
86 207
85 206
84 205
83 204
82 203
81 202
80 201
79 200
78 199
77 198
76 197
75 196
74 195
73 194
72 193
71 192
70 191
69 190
68 189
67 188
66 187
65 186
64 185
63 184
62 183
61 182
60 181
59 180
58 179
57 178
56 177
55 176
54 175
53 174
52 173
51 172
50 171
49 170
48 169
47 168
46 167
45 166
44 165
43 164
42 163
41 162
40 161
39 160
38 159
37 158
36 157
35 156
34 155
33 154
32 153
31 152
30 151
29 150
28 149
27 148
26 147
25 146
24 145
23 144
22 143
21 142
20 141
19 140
18 139
17 138
16 137
15 136
14 135
13 134
12 133
11 132
10 131
9 130
8 129
7 128
6 127
5 126
4 125
3 124
2 123
1 122
0 121
2301 120
2300 119
2299 118
2298 117
2297 116
2296 115
2295 114
2294 113
2293 112
2292 111
2291 110
2290 109
2289 108
2288 107
2287 106
2286 105
2285 104
2284 103
2283 102
2282 101
2281 100
2280 99
2279 98
2278 97
2277 96
2276 95
2275 94
2274 93
2273 92
2272 91
2271 90
2270 89
2269 88
2268 87
2267 86
2266 85
2265 84
2264 83
2263 82
2262 81
2261 80
2260 79
2259 78
2258 77
2257 76
2256 75
2255 74
2254 73
2253 72
2252 71
2251 70
2250 69
2249 68
2248 67
2247 66
2246 65
2245 64
2244 63
2243 62
2242 61
2241 60
2240 59
2239 58
2238 57
2237 56
2236 55
2235 54
2234 53
2233 52
2232 51
2231 50
2230 49
2229 48
2228 47
2227 46
2226 45
2225 44
2224 43
2223 42
2222 41
2221 40
2220 39
2219 38
2218 37
2217 36
2216 35
2215 34
2214 33
2213 32
2212 31
2211 30
2210 29
2209 28
2208 27
2207 26
2206 25
2205 24
2204 23
2203 22
2202 21
2201 20
2200 19
2199 18
2198 17
2197 16
2196 15
2195 14
2194 13
2193 12
2192 11
2191 10
2190 9
2189 8
2188 7
2187 6
2186 5
2185 4
2184 3
2183 2
2182 1
2181 0
2180 2279
2179 2278
2178 2277
2177 2276
2176 2275
2175 2274
2174 2273
2173 2272
2172 2271
2171 2270
2170 2269
2169 2268
2168 2267
2167 2266
2166 2265
2165 2264
2164 2263
2163 2262
2162 2261
2161 2260
2160 2259
2159 2258
2158 2257
2157 2256
2156 2255
2155 2254
2154 2253
2153 2252
2152 2251
2151 2250
2150 2249
2149 2248
2148 2247
2147 2246
2146 2245
2145 2244
2144 2243
2143 2242
2142 2241
2141 2240
2140 2239
2139 2238
2138 2237
2137 2236
2136 2235
2135 2234
2134 2233
2133 2232
2132 2231
2131 2230
2130 2229
2129 2228
2128 2227
2127 2226
2126 2225
2125 2224
2124 2223
2123 2222
2122 2221
2121 2220
2120 2219
2119 2218
2118 2217
2117 2216
2116 2215
2115 2214
2114 2213
2113 2212
2112 2211
2111 2210
2110 2209
2109 2208
2108 2207
2107 2206
2106 2205
2105 2204
2104 2203
2103 2202
2102 2201
2101 2200
2100 2199
2099 2198
2098 2197
2097 2196
2096 2195
2095 2194
2094 2193
2093 2192
2092 2191
2091 2190
2090 2189
2089 2188
2088 2187
2087 2186
2086 2185
2085 2184
2084 2183
2083 2182
2082 2181
2081 2180
2080 2179
2079 2178
2078 2177
2077 2176
2076 2175
2075 2174
2074 2173
2073 2172
2072 2171
2071 2170
2070 2169
2069 2168
2068 2167
2067 2166
2066 2165
2065 2164
2064 2163
2063 2162
2062 2161
2061 2160
2060 2159
2059 2158
2058 2157
2057 2156
2056 2155
2055 2154
2054 2153
2053 2152
2052 2151
2051 2150
2050 2149
2049 2148
2048 2147
2047 2146
2046 2145
2045 2144
2044 2143
2043 2142
2042 2141
2041 2140
2040 2139
2039 2138
2038 2137
2037 2136
2036 2135
2035 2134
2034 2133
2033 2132
2032 2131
2031 2130
2030 2129
2029 2128
2028 2127
2027 2126
2026 2125
2025 2124
2024 2123
2023 2122
2022 2121
2021 2120
2020 2119
2019 2118
2018 2117
2017 2116
2016 2115
2015 2114
2014 2113
2013 2112
2012 2111
2011 2110
2010 2109
2009 2108
2008 2107
2007 2106
2006 2105
2005 2104
2004 2103
2003 2102
2002 2101
2001 2100
2000 2099
1999 2098
1998 2097
1997 2096
1996 2095
1995 2094
1994 2093
1993 2092
1992 2091
1991 2090
1990 2089
1989 2088
1988 2087
1987 2086
1986 2085
1985 2084
1984 2083
1983 2082
1982 2081
1981 2080
1980 2079
1979 2078
1978 2077
1977 2076
1976 2075
1975 2074
1974 2073
1973 2072
1972 2071
1971 2070
1970 2069
1969 2068
1968 2067
1967 2066
1966 2065
1965 2064
1964 2063
1963 2062
1962 2061
1961 2060
1960 2059
1959 2058
1958 2057
1957 2056
1956 2055
1955 2054
1954 2053
1953 2052
1952 2051
1951 2050
1950 2049
1949 2048
1948 2047
1947 2046
1946 2045
1945 2044
1944 2043
1943 2042
1942 2041
1941 2040
1940 2039
1939 2038
1938 2037
1937 2036
1936 2035
1935 2034
1934 2033
1933 2032
1932 2031
1931 2030
1930 2029
1929 2028
1928 2027
1927 2026
1926 2025
1925 2024
1924 2023
1923 2022
1922 2021
1921 2020
1920 2019
1919 2018
1918 2017
1917 2016
1916 2015
1915 2014
1914 2013
1913 2012
1912 2011
1911 2010
1910 2009
1909 2008
1908 2007
1907 2006
1906 2005
1905 2004
1904 2003
1903 2002
1902 2001
1901 2000
1900 1999
1899 1998
1898 1997
1897 1996
1896 1995
1895 1994
1894 1993
1893 1992
1892 1991
1891 1990
1890 1989
1889 1988
1888 1987
1887 1986
1886 1985
1885 1984
1884 1983
1883 1982
1882 1981
1881 1980
1880 1979
1879 1978
1878 1977
1877 1976
1876 1975
1875 1974
1874 1973
1873 1972
1872 1971
1871 1970
1870 1969
1869 1968
1868 1967
1867 1966
1866 1965
1865 1964
1864 1963
1863 1962
1862 1961
1861 1960
1860 1959
1859 1958
1858 1957
1857 1956
1856 1955
1855 1954
1854 1953
1853 1952
1852 1951
1851 1950
1850 1949
1849 1948
1848 1947
1847 1946
1846 1945
1845 1944
1844 1943
1843 1942
1842 1941
1841 1940
1840 1939
1839 1938
1838 1937
1837 1936
1836 1935
1835 1934
1834 1933
1833 1932
1832 1931
1831 1930
1830 1929
1829 1928
1828 1927
1827 1926
1826 1925
1825 1924
1824 1923
1823 1922
1822 1921
1821 1920
1820 1919
1819 1918
1818 1917
1817 1916
1816 1915
1815 1914
1814 1913
1813 1912
1812 1911
1811 1910
1810 1909
1809 1908
1808 1907
1807 1906
1806 1905
1805 1904
1804 1903
1803 1902
1802 1901
1801 1900
1800 1899
1799 1898
1798 1897
1797 1896
1796 1895
1795 1894
1794 1893
1793 1892
1792 1891
1791 1890
1790 1889
1789 1888
1788 1887
1787 1886
1786 1885
1785 1884
1784 1883
1783 1882
1782 1881
1781 1880
1780 1879
1779 1878
1778 1877
1777 1876
1776 1875
1775 1874
1774 1873
1773 1872
1772 1871
1771 1870
1770 1869
1769 1868
1768 1867
1767 1866
1766 1865
1765 1864
1764 1863
1763 1862
1762 1861
1761 1860
1760 1859
1759 1858
1758 1857
1757 1856
1756 1855
1755 1854
1754 1853
1753 1852
1752 1851
1751 1850
1750 1849
1749 1848
1748 1847
1747 1846
1746 1845
1745 1844
1744 1843
1743 1842
1742 1841
1741 1840
1740 1839
1739 1838
1738 1837
1737 1836
1736 1835
1735 1834
1734 1833
1733 1832
1732 1831
1731 1830
1730 1829
1729 1828
1728 1827
1727 1826
1726 1825
1725 1824
1724 1823
1723 1822
1722 1821
1721 1820
1720 1819
1719 1818
1718 1817
1717 1816
1716 1815
1715 1814
1714 1813
1713 1812
1712 1811
1711 1810
1710 1809
1709 1808
1708 1807
1707 1806
1706 1805
1705 1804
1704 1803
1703 1802
1702 1801
1701 1800
1700 1799
1699 1798
1698 1797
1697 1796
1696 1795
1695 1794
1694 1793
1693 1792
1692 1791
1691 1790
1690 1789
1689 1788
1688 1787
1687 1786
1686 1785
1685 1784
1684 1783
1683 1782
1682 1781
1681 1780
1680 1779
1679 1778
1678 1777
1677 1776
1676 1775
1675 1774
1674 1773
1673 1772
1672 1771
1671 1770
1670 1769
1669 1768
1668 1767
1667 1766
1666 1765
1665 1764
1664 1763
1663 1762
1662 1761
1661 1760
1660 1759
1659 1758
1658 1757
1657 1756
1656 1755
1655 1754
1654 1753
1653 1752
1652 1751
1651 1750
1650 1749
1649 1748
1648 1747
1647 1746
1646 1745
1645 1744
1644 1743
1643 1742
1642 1741
1641 1740
1640 1739
1639 1738
1638 1737
1637 1736
1636 1735
1635 1734
1634 1733
1633 1732
1632 1731
1631 1730
1630 1729
1629 1728
1628 1727
1627 1726
1626 1725
1625 1724
1624 1723
1623 1722
1622 1721
1621 1720
1620 1719
1619 1718
1618 1717
1617 1716
1616 1715
1615 1714
1614 1713
1613 1712
1612 1711
1611 1710
1610 1709
1609 1708
1608 1707
1607 1706
1606 1705
1605 1704
1604 1703
1603 1702
1602 1701
1601 1700
1600 1699
1599 1698
1598 1697
1597 1696
1596 1695
1595 1694
1594 1693
1593 1692
1592 1691
1591 1690
1590 1689
1589 1688
1588 1687
1587 1686
1586 1685
1585 1684
1584 1683
1583 1682
1582 1681
1581 1680
1580 1679
1579 1678
1578 1677
1577 1676
1576 1675
1575 1674
1574 1673
1573 1672
1572 1671
1571 1670
1570 1669
1569 1668
1568 1667
1567 1666
1566 1665
1565 1664
1564 1663
1563 1662
1562 1661
1561 1660
1560 1659
1559 1658
1558 1657
1557 1656
1556 1655
1555 1654
1554 1653
1553 1652
1552 1651
1551 1650
1550 1649
1549 1648
1548 1647
1547 1646
1546 1645
1545 1644
1544 1643
1543 1642
1542 1641
1541 1640
1540 1639
1539 1638
1538 1637
1537 1636
1536 1635
1535 1634
1534 1633
1533 1632
1532 1631
1531 1630
1530 1629
1529 1628
1528 1627
1527 1626
1526 1625
1525 1624
1524 1623
1523 1622
1522 1621
1521 1620
1520 1619
1519 1618
1518 1617
1517 1616
1516 1615
1515 1614
1514 1613
1513 1612
1512 1611
1511 1610
1510 1609
1509 1608
1508 1607
1507 1606
1506 1605
1505 1604
1504 1603
1503 1602
1502 1601
1501 1600
1500 1599
1499 1598
1498 1597
1497 1596
1496 1595
1495 1594
1494 1593
1493 1592
1492 1591
1491 1590
1490 1589
1489 1588
1488 1587
1487 1586
1486 1585
1485 1584
1484 1583
1483 1582
1482 1581
1481 1580
1480 1579
1479 1578
1478 1577
1477 1576
1476 1575
1475 1574
1474 1573
1473 1572
1472 1571
1471 1570
1470 1569
1469 1568
1468 1567
1467 1566
1466 1565
1465 1564
1464 1563
1463 1562
1462 1561
1461 1560
1460 1559
1459 1558
1458 1557
1457 1556
1456 1555
1455 1554
1454 1553
1453 1552
1452 1551
1451 1550
1450 1549
1449 1548
1448 1547
1447 1546
1446 1545
1445 1544
1444 1543
1443 1542
1442 1541
1441 1540
1440 1539
1439 1538
1438 1537
1437 1536
1436 1535
1435 1534
1434 1533
1433 1532
1432 1531
1431 1530
1430 1529
1429 1528
1428 1527
1427 1526
1426 1525
1425 1524
1424 1523
1423 1522
1422 1521
1421 1520
1420 1519
1419 1518
1418 1517
1417 1516
1416 1515
1415 1514
1414 1513
1413 1512
1412 1511
1411 1510
1410 1509
1409 1508
1408 1507
1407 1506
1406 1505
1405 1504
1404 1503
1403 1502
1402 1501
1401 1500
1400 1499
1399 1498
1398 1497
1397 1496
1396 1495
1395 1494
1394 1493
1393 1492
1392 1491
1391 1490
1390 1489
1389 1488
1388 1487
1387 1486
1386 1485
1385 1484
1384 1483
1383 1482
1382 1481
1381 1480
1380 1479
1379 1478
1378 1477
1377 1476
1376 1475
1375 1474
1374 1473
1373 1472
1372 1471
1371 1470
1370 1469
1369 1468
1368 1467
1367 1466
1366 1465
1365 1464
1364 1463
1363 1462
1362 1461
1361 1460
1360 1459
1359 1458
1358 1457
1357 1456
1356 1455
1355 1454
1354 1453
1353 1452
1352 1451
1351 1450
1350 1449
1349 1448
1348 1447
1347 1446
1346 1445
1345 1444
1344 1443
1343 1442
1342 1441
1341 1440
1340 1439
1339 1438
1338 1437
1337 1436
1336 1435
1335 1434
1334 1433
1333 1432
1332 1431
1331 1430
1330 1429
1329 1428
1328 1427
1327 1426
1326 1425
1325 1424
1324 1423
1323 1422
1322 1421
1321 1420
1320 1419
1319 1418
1318 1417
1317 1416
1316 1415
1315 1414
1314 1413
1313 1412
1312 1411
1311 1410
1310 1409
1309 1408
1308 1407
1307 1406
1306 1405
1305 1404
1304 1403
1303 1402
1302 1401
1301 1400
1300 1399
1299 1398
1298 1397
1297 1396
1296 1395
1295 1394
1294 1393
1293 1392
1292 1391
1291 1390
1290 1389
1289 1388
1288 1387
1287 1386
1286 1385
1285 1384
1284 1383
1283 1382
1282 1381
1281 1380
1280 1379
1279 1378
1278 1377
1277 1376
1276 1375
1275 1374
1274 1373
1273 1372
1272 1371
1271 1370
1270 1369
1269 1368
1268 1367
1267 1366
1266 1365
1265 1364
1264 1363
1263 1362
1262 1361
1261 1360
1260 1359
1259 1358
1258 1357
1257 1356
1256 1355
1255 1354
1254 1353
1253 1352
1252 1351
1251 1350
1250 1349
1249 1348
1248 1347
1247 1346
1246 1345
1245 1344
1244 1343
1243 1342
1242 1341
1241 1340
1240 1339
1239 1338
1238 1337
1237 1336
1236 1335
1235 1334
1234 1333
1233 1332
1232 1331
1231 1330
1230 1329
1229 1328
1228 1327
1227 1326
1226 1325
1225 1324
1224 1323
1223 1322
1222 1321
1221 1320
1220 1319
1219 1318
1218 1317
1217 1316
1216 1315
1215 1314
1214 1313
1213 1312
1212 1311
1211 1310
1210 1309
1209 1308
1208 1307
1207 1306
1206 1305
1205 1304
1204 1303
1203 1302
1202 1301
1201 1300
1200 1299
1199 1298
1198 1297
1197 1296
1196 1295
1195 1294
1194 1293
1193 1292
1192 1291
1191 1290
1190 1289
1189 1288
1188 1287
1187 1286
1186 1285
1185 1284
1184 1283
1183 1282
1182 1281
1181 1280
1180 1279
1179 1278
1178 1277
1177 1276
1176 1275
1175 1274
1174 1273
1173 1272
1172 1271
1171 1270
1170 1269
1169 1268
1168 1267
1167 1266
1166 1265
1165 1264
1164 1263
1163 1262
1162 1261
1161 1260
1160 1259
1159 1258
1158 1257
1157 1256
1156 1255
1155 1254
1154 1253
1153 1252
1152 1251
1151 1250
1150 1249
1149 1248
1148 1247
1147 1246
1146 1245
1145 1244
1144 1243
1143 1242
1142 1241
1141 1240
1140 1239
1139 1238
1138 1237
1137 1236
1136 1235
1135 1234
1134 1233
1133 1232
1132 1231
1131 1230
1130 1229
1129 1228
1128 1227
1127 1226
1126 1225
1125 1224
1124 1223
1123 1222
1122 1221
1121 1220
1120 1219
1119 1218
1118 1217
1117 1216
1116 1215
1115 1214
1114 1213
1113 1212
1112 1211
1111 1210
1110 1209
1109 1208
1108 1207
1107 1206
1106 1205
1105 1204
1104 1203
1103 1202
1102 1201
1101 1200
1100 1199
1099 1198
1098 1197
1097 1196
1096 1195
1095 1194
1094 1193
1093 1192
1092 1191
1091 1190
1090 1189
1089 1188
1088 1187
1087 1186
1086 1185
1085 1184
1084 1183
1083 1182
1082 1181
1081 1180
1080 1179
1079 1178
1078 1177
1077 1176
1076 1175
1075 1174
1074 1173
1073 1172
1072 1171
1071 1170
1070 1169
1069 1168
1068 1167
1067 1166
1066 1165
1065 1164
1064 1163
1063 1162
1062 1161
1061 1160
1060 1159
1059 1158
1058 1157
1057 1156
1056 1155
1055 1154
1054 1153
1053 1152
1052 1151
1051 1150
1050 1149
1049 1148
1048 1147
1047 1146
1046 1145
1045 1144
1044 1143
1043 1142
1042 1141
1041 1140
1040 1139
1039 1138
1038 1137
1037 1136
1036 1135
1035 1134
1034 1133
1033 1132
1032 1131
1031 1130
1030 1129
1029 1128
1028 1127
1027 1126
1026 1125
1025 1124
1024 1123
1023 1122
1022 1121
1021 1120
1020 1119
1019 1118
1018 1117
1017 1116
1016 1115
1015 1114
1014 1113
1013 1112
1012 1111
1011 1110
1010 1109
1009 1108
1008 1107
1007 1106
1006 1105
1005 1104
1004 1103
1003 1102
1002 1101
1001 1100
1000 1099
999 1098
998 1097
997 1096
996 1095
995 1094
994 1093
993 1092
992 1091
991 1090
990 1089
989 1088
988 1087
987 1086
986 1085
985 1084
984 1083
983 1082
982 1081
981 1080
980 1079
979 1078
978 1077
977 1076
976 1075
975 1074
974 1073
973 1072
972 1071
971 1070
970 1069
969 1068
968 1067
967 1066
966 1065
965 1064
964 1063
963 1062
962 1061
961 1060
960 1059
959 1058
958 1057
957 1056
956 1055
955 1054
954 1053
953 1052
952 1051
951 1050
950 1049
949 1048
948 1047
947 1046
946 1045
945 1044
944 1043
943 1042
942 1041
941 1040
940 1039
939 1038
938 1037
937 1036
936 1035
935 1034
934 1033
933 1032
932 1031
931 1030
930 1029
929 1028
928 1027
927 1026
926 1025
925 1024
924 1023
923 1022
922 1021
921 1020
920 1019
919 1018
918 1017
917 1016
916 1015
915 1014
914 1013
913 1012
912 1011
911 1010
910 1009
909 1008
908 1007
907 1006
906 1005
905 1004
904 1003
903 1002
902 1001
901 1000
900 999
899 998
898 997
897 996
896 995
895 994
894 993
893 992
892 991
891 990
890 989
889 988
888 987
887 986
886 985
885 984
884 983
883 982
882 981
881 980
880 979
879 978
878 977
877 976
876 975
875 974
874 973
873 972
872 971
871 970
870 969
869 968
868 967
867 966
866 965
865 964
864 963
863 962
862 961
861 960
860 959
859 958
858 957
857 956
856 955
855 954
854 953
853 952
852 951
851 950
850 949
849 948
848 947
847 946
846 945
845 944
844 943
843 942
842 941
841 940
840 939
839 938
838 937
837 936
836 935
835 934
834 933
833 932
832 931
831 930
830 929
829 928
828 927
827 926
826 925
825 924
824 923
823 922
822 921
821 920
820 919
819 918
818 917
817 916
816 915
815 914
814 913
813 912
812 911
811 910
810 909
809 908
808 907
807 906
806 905
805 904
804 903
803 902
802 901
801 900
800 899
799 898
798 897
797 896
796 895
795 894
794 893
793 892
792 891
791 890
790 889
789 888
788 887
787 886
786 885
785 884
784 883
783 882
782 881
781 880
780 879
779 878
778 877
777 876
776 875
775 874
774 873
773 872
772 871
771 870
770 869
769 868
768 867
767 866
766 865
765 864
764 863
763 862
762 861
761 860
760 859
759 858
758 857
757 856
756 855
755 854
754 853
753 852
752 851
751 850
750 849
749 848
748 847
747 846
746 845
745 844
744 843
743 842
742 841
741 840
740 839
739 838
738 837
737 836
736 835
735 834
734 833
733 832
732 831
731 830
730 829
729 828
728 827
727 826
726 825
725 824
724 823
723 822
722 821
721 820
720 819
719 818
718 817
717 816
716 815
715 814
714 813
713 812
712 811
711 810
710 809
709 808
708 807
707 806
706 805
705 804
704 803
703 802
702 801
701 800
700 799
699 798
698 797
697 796
696 795
695 794
694 793
693 792
692 791
691 790
690 789
689 788
688 787
687 786
686 785
685 784
684 783
683 782
682 781
681 780
680 779
679 778
678 777
677 776
676 775
675 774
674 773
673 772
672 771
671 770
670 769
669 768
668 767
667 766
666 765
665 764
664 763
663 762
662 761
661 760
660 759
659 758
658 757
657 756
656 755
655 754
654 753
653 752
652 751
651 750
650 749
649 748
648 747
647 746
646 745
645 744
644 743
643 742
642 741
641 740
640 739
639 738
638 737
637 736
636 735
635 734
634 733
633 732
632 731
631 730
630 729
629 728
628 727
627 726
626 725
625 724
624 723
623 722
622 721
621 720
620 719
619 718
618 717
617 716
616 715
615 714
614 713
613 712
612 711
611 710
610 709
609 708
608 707
607 706
606 705
605 704
604 703
603 702
602 701
601 700
600 699
599 698
598 697
597 696
596 695
595 694
594 693
593 692
592 691
591 690
590 689
589 688
588 687
587 686
586 685
585 684
584 683
583 682
582 681
581 680
580 679
579 678
578 677
577 676
576 675
575 674
574 673
573 672
572 671
571 670
570 669
569 668
568 667
567 666
566 665
565 664
564 663
563 662
562 661
561 660
560 659
559 658
558 657
557 656
556 655
555 654
554 653
553 652
552 651
551 650
550 649
549 648
548 647
547 646
546 645
545 644
544 643
543 642
542 641
541 640
540 639
539 638
538 637
537 636
536 635
535 634
534 633
533 632
532 631
531 630
530 629
529 628
528 627
527 626
526 625
525 624
524 623
523 622
522 621
521 620
520 619
519 618
518 617
517 616
516 615
515 614
514 613
513 612
512 611
511 610
510 609
509 608
508 607
507 606
506 605
505 604
504 603
503 602
502 601
501 600
500 599
499 598
498 597
497 596
496 595
495 594
494 593
493 592
492 591
491 590
490 589
489 588
488 587
487 586
486 585
485 584
484 583
483 582
482 581
481 580
480 579
479 578
478 577
477 576
476 575
475 574
474 573
473 572
472 571
471 570
470 569
469 568
468 567
467 566
466 565
465 564
464 563
463 562
462 561
461 560
460 559
459 558
458 557
457 556
456 555
455 554
454 553
453 552
452 551
451 550
450 549
449 548
448 547
447 546
446 545
445 544
444 543
443 542
442 541
441 540
440 539
439 538
438 537
437 536
436 535
435 534
434 533
433 532
432 531
431 530
430 529
429 528
428 527
427 526
426 525
425 524
424 523
423 522
422 521
421 520
420 519
419 518
418 517
417 516
416 515
415 514
414 513
413 512
412 511
411 510
410 509
409 508
408 507
407 506
406 505
405 504
404 503
403 502
402 501
401 500
400 499
399 498
398 497
397 496
396 495
395 494
394 493
393 492
392 491
391 490
390 489
389 488
388 487
387 486
386 485
385 484
384 483
383 482
382 481
381 480
380 479
379 478
378 477
377 476
376 475
375 474
374 473
373 472
372 471
371 470
370 469
369 468
368 467
367 466
366 465
365 464
364 463
363 462
362 461
361 460
360 459
359 458
358 457
357 456
356 455
355 454
354 453
353 452
352 451
351 450
350 449
349 448
348 447
347 446
346 445
345 444
344 443
343 442
342 441
341 440
340 439
339 438
338 437
337 436
336 435
335 434
334 433
333 432
332 431
331 430
330 429
329 428
328 427
327 426
326 425
325 424
324 423
323 422
322 421
321 420
320 419
319 418
318 417
317 416
316 415
315 414
314 413
313 412
312 411
311 410
310 409
309 408
308 407
307 406
306 405
305 404
304 403
303 402
302 401
301 400
300 399
299 398
298 397
297 396
296 395
295 394
294 393
293 392
292 391
291 390
290 389
289 388
288 387
287 386
286 385
285 384
284 383
283 382
282 381
281 380
280 379
279 378
278 377
277 376
276 375
275 374
274 373
273 372
272 371
271 370
270 369
269 368
268 367
267 366
266 365
265 364
264 363
263 362
262 361
261 360
260 359
259 358
258 357
257 356
256 355
255 354
254 353
253 352
252 351
251 350
250 349
249 348
248 347
247 346
246 345
245 344
244 343
243 342
242 341
241 340
240 339
239 338
238 337
237 336
236 335
235 334
234 333
233 332
232 331
231 330
230 329
229 328
228 327
227 326
226 325
225 324
224 323
223 322
222 321
221 320
220 319
219 318
218 317
217 316
216 315
215 314
214 313
213 312
212 311
211 310
210 309
209 308
208 307
207 306
206 305
205 304
204 303
203 302
202 301
201 300
200 299
199 298
198 297
197 296
196 295
195 294
194 293
193 292
192 291
191 290
190 289
189 288
188 287
187 286
186 285
185 284
184 283
183 282
182 281
181 280
180 279
179 278
178 277
177 276
176 275
175 274
174 273
173 272
172 271
171 270
170 269
169 268
168 267
167 266
166 265
165 264
164 263
163 262
162 261
161 260
160 259
159 258
158 257
157 256
156 255
155 254
154 253
153 252
152 251
151 250
150 249
149 248
148 247
147 246
146 245
145 244
144 243
143 242
142 241
141 240
140 239
139 238
138 237
137 236
136 235
135 234
134 233
133 232
132 231
131 230
130 229
129 228
128 227
127 226
126 225
125 224
124 223
123 222
122 221
121 220
120 219
119 218
118 217
117 216
116 215
115 214
114 213
113 212
112 211
111 210
110 209
109 208
108 207
107 206
106 205
105 204
104 203
103 202
102 201
101 200
100 199
99 198
98 197
97 196
96 195
95 194
94 193
93 192
92 191
91 190
90 189
89 188
88 187
87 186
86 185
85 184
84 183
83 182
82 181
81 180
80 179
79 178
78 177
77 176
76 175
75 174
74 173
73 172
72 171
71 170
70 169
69 168
68 167
67 166
66 165
65 164
64 163
63 162
62 161
61 160
60 159
59 158
58 157
57 156
56 155
55 154
54 153
53 152
52 151
51 150
50 149
49 148
48 147
47 146
46 145
45 144
44 143
43 142
42 141
41 140
40 139
39 138
38 137
37 136
36 135
35 134
34 133
33 132
32 131
31 130
30 129
29 128
28 127
27 126
26 125
25 124
24 123
23 122
22 121
21 120
20 119
19 118
18 117
17 116
16 115
15 114
14 113
13 112
12 111
11 110
10 109
9 108
8 107
7 106
6 105
5 104
4 103
3 102
2 101
1 100
0 99
1000 98
1000 97
1000 96
1000 95
1000 94
1000 93
1000 92
1000 91
1000 90
1000 89
1000 88
1000 87
1000 86
1000 85
1000 84
1000 83
1000 82
1000 81
1000 80
1000 79
1000 78
1000 77
1000 76
1000 75
1000 74
1000 73
1000 72
1000 71
1000 70
1000 69
1000 68
1000 67
1000 66
1000 65
1000 64
1000 63
1000 62
1000 61
1000 60
1000 59
1000 58
1000 57
1000 56
1000 55
1000 54
1000 53
1000 52
1000 51
1000 50
1000 49
1000 48
1000 47
1000 46
1000 45
1000 44
1000 43
1000 42
1000 41
1000 40
1000 39
1000 38
1000 37
1000 36
1000 35
1000 34
1000 33
1000 32
1000 31
1000 30
1000 29
1000 28
1000 27
1000 26
1000 25
1000 24
1000 23
1000 22
1000 21
1000 20
1000 19
1000 18
1000 17
1000 16
1000 15
1000 14
1000 13
1000 12
1000 11
1000 10
1000 9
1000 8
1000 7
1000 6
1000 5
1000 4
1000 3
1000 2
1000 1
1000 0
1000 1000
1000 1000
1000 1000
1000 1000
1000 1000
1000 1000
1000 1000
1000 1000
1000 1000
1000 1000
1000 1000
1000 1000
1000 1000
1000 1000
1000 1000
1000 1000
1000 1000
1000 1000
1000 1000
1000 1000
1000 1000
1000 1000
1000 1000
1000 1000
1000 1000
1000 1000
1000 1000
1000 1000
1000 1000
1000 1000
1000 1000
1000 1000
1000 1000
1000 1000
1000 1000
1000 1000
1000 1000
1000 1000
1000 1000
1000 1000
1000 1000
1000 1000
1000 1000
1000 1000
1000 1000
1000 1000
1000 1000
1000 1000
1000 1000
1000 1000
1000 1000
1000 1000
1000 1000
1000 1000
1000 1000
1000 1000
1000 1000
1000 1000
1000 1000
1000 1000
1000 1000
1000 1000
1000 1000
1000 1000
1000 1000
1000 1000
1000 1000
1000 1000
1000 1000
1000 1000
1000 1000
1000 1000
1000 1000
1000 1000
1000 1000
1000 1000
1000 1000
1000 1000
1000 1000
1000 1000
1000 1000
1000 1000
1000 1000
1000 1000
1000 1000
1000 1000
1000 1000
1000 1000
1000 1000
1000 1000
1000 1000
1000 1000
1000 1000
1000 1000
1000 1000
1000 1000
1000 1000
1000 1000
1000 1000
1000 1000
1000 1000
1000 1000
1000 1000
1000 1000
1000 1000
1000 1000
1000 1000
1000 1000
1000 1000
1000 1000
1000 1000
1000 1000
1000 1000
1000 1000
1000 1000
1000 1000
1000 1000
1000 1000
1000 1000
1000 1000
1000 1000
1000 1000
1000 1000
1000 1000
1000 1000
1000 1000
1000 1000
1000 1000
1000 1000
1000 1000
1000 1000
1000 1000
1000 1000
1000 1000
1000 1000
1000 1000
1000 1000
1000 1000
1000 1000
1000 1000
1000 1000
1000 1000
1000 1000
1000 1000
1000 1000
1000 1000
1000 1000
1000 1000
1000 1000
1000 1000
1000 1000
1000 1000
1000 1000
1000 1000
1000 1000
1000 1000
1000 1000
1000 1000
1000 1000
1000 1000
1000 1000
1000 1000
1000 1000
1000 1000
1000 1000
1000 1000
1000 1000
1000 1000
1000 1000
1000 1000
1000 1000
1000 1000
1000 1000
1000 1000
1000 1000
1000 1000
1000 1000
1000 1000
1000 1000
1000 1000
1000 1000
1000 1000
1000 1000
1000 1000
1000 1000
1000 1000
1000 1000
1000 1000
1000 1000
1000 1000
1000 1000
1000 1000
1000 1000
1000 1000
1000 1000
1000 1000
1000 1000
1000 1000
1000 1000
1000 1000
1000 1000
1000 1000
1000 1000
1000 1000
1000 1000
1000 1000
1000 1000
1000 1000
1000 1000
1000 1000
1000 1000
1000 1000
1000 1000
1000 1000
1000 1000
1000 1000
1000 1000
1000 1000
1000 1000
1000 1000
1000 1000
1000 1000
1000 1000
1000 1000
1000 1000
1000 1000
1000 1000
1000 1000
1000 1000
1000 1000
1000 1000
1000 1000
1000 1000
1000 1000
1000 1000
1000 1000
1000 1000
1000 1000
1000 1000
1000 1000
1000 1000
1000 1000
1000 1000
1000 1000
1000 1000
1000 1000
1000 1000
1000 1000
1000 1000
1000 1000
1000 1000
1000 1000
1000 1000
1000 1000
1000 1000
1000 1000
1000 1000
1000 1000
1000 1000
1000 1000
1000 1000
1000 1000
1000 1000
1000 1000
1000 1000
1000 1000
1000 1000
1000 1000
1000 1000
1000 1000
1000 1000
1000 1000
1000 1000
1000 1000
1000 1000
1000 1000
1000 1000
1000 1000
1000 1000
1000 1000
1000 1000
1000 1000
1000 1000
1000 1000
1000 1000
1000 1000
1000 1000
1000 1000
1000 1000
1000 1000
1000 1000
1000 1000
1000 1000
1000 1000
1000 1000
1000 1000
1000 1000
1000 1000
1000 1000
1000 1000
1000 1000
1000 1000
1000 1000
1000 1000
1000 1000
1000 1000
1000 1000
1000 1000
1000 1000
1000 1000
1000 1000
1000 1000
1000 1000
1000 1000
1000 1000
1000 1000
1000 1000
1000 1000
1000 1000
1000 1000
1000 1000
1000 1000
1000 1000
1000 1000
1000 1000
1000 1000
1000 1000
1000 1000
1000 1000
1000 1000
1000 1000
1000 1000
1000 1000
1000 1000
1000 1000
1000 1000
1000 1000
1000 1000
1000 1000
1000 1000
1000 1000
1000 1000
1000 1000
1000 1000
1000 1000
1000 1000
1000 1000
1000 1000
1000 1000
1000 1000
1000 1000
1000 1000
1000 1000
1000 1000
1000 1000
1000 1000
1000 1000
1000 1000
1000 1000
1000 1000
1000 1000
1000 1000
1000 1000
1000 1000
1000 1000
1000 1000
1000 1000
1000 1000
1000 1000
1000 1000
1000 1000
1000 1000
1000 1000
1000 1000
1000 1000
1000 1000
1000 1000
1000 1000
1000 1000
1000 1000
1000 1000
1000 1000
1000 1000
1000 1000
1000 1000
1000 1000
1000 1000
1000 1000
1000 1000
1000 1000
1000 1000
1000 1000
1000 1000
1000 1000
1000 1000
1000 1000
1000 1000
1000 1000
1000 1000
1000 1000
1000 1000
1000 1000
1000 1000
1000 1000
1000 1000
1000 1000
1000 1000
1000 1000
1000 1000
1000 1000
1000 1000
1000 1000
1000 1000
1000 1000
1000 1000
1000 1000
1000 1000
1000 1000
1000 1000
1000 1000
1000 1000
1000 1000
1000 1000
1000 1000
1000 1000
1000 1000
1000 1000
1000 1000
1000 1000
1000 1000
1000 1000
1000 1000
1000 1000
1000 1000
1000 1000
1000 1000
1000 1000
1000 1000
1000 1000
1000 1000
1000 1000
1000 1000
1000 1000
1000 1000
1000 1000
1000 1000
1000 1000
1000 1000
1000 1000
1000 1000
1000 1000
1000 1000
1000 1000
1000 1000
1000 1000
1000 1000
1000 1000
1000 1000
1000 1000
1000 1000
1000 1000
1000 1000
1000 1000
1000 1000
1000 1000
1000 1000
1000 1000
1000 1000
1000 1000
1000 1000
1000 1000
1000 1000
1000 1000
1000 1000
1000 1000
1000 1000
1000 1000
1000 1000
1000 1000
1000 1000
1000 1000
1000 1000
1000 1000
1000 1000
1000 1000
1000 1000
1000 1000
1000 1000
1000 1000
1000 1000
1000 1000
1000 1000
1000 1000
1000 1000
1000 1000
1000 1000
1000 1000
1000 1000
1000 1000
1000 1000
1000 1000
1000 1000
1000 1000
1000 1000
1000 1000
1000 1000
1000 1000
1000 1000
1000 1000
1000 1000
1000 1000
1000 1000
1000 1000
1000 1000
1000 1000
1000 1000
1000 1000
1000 1000
1000 1000
1000 1000
1000 1000
1000 1000
1000 1000
1000 1000
1000 1000
1000 1000
1000 1000
1000 1000
1000 1000
1000 1000
1000 1000
1000 1000
1000 1000
1000 1000
1000 1000
1000 1000
1000 1000
1000 1000
1000 1000
1000 1000
1000 1000
1000 1000
1000 1000
1000 1000
1000 1000
1000 1000
1000 1000
1000 1000
1000 1000
1000 1000
1000 1000
1000 1000
1000 1000
1000 1000
1000 1000
1000 1000
1000 1000
1000 1000
1000 1000
1000 1000
1000 1000
1000 1000
1000 1000
1000 1000
1000 1000
1000 1000
1000 1000
1000 1000
1000 1000
1000 1000
1000 1000
1000 1000
1000 1000
1000 1000
1000 1000
1000 1000
1000 1000
1000 1000
1000 1000
1000 1000
1000 1000
1000 1000
1000 1000
1000 1000
1000 1000
1000 1000
1000 1000
1000 1000
1000 1000
1000 1000
1000 1000
1000 1000
1000 1000
1000 1000
1000 1000
1000 1000
1000 1000
1000 1000
1000 1000
1000 1000
1000 1000
1000 1000
1000 1000
1000 1000
1000 1000
1000 1000
1000 1000
1000 1000
1000 1000
1000 1000
1000 1000
1000 1000
1000 1000
1000 1000
1000 1000
1000 1000
1000 1000
1000 1000
1000 1000
1000 1000
1000 1000
1000 1000
1000 1000
1000 1000
1000 1000
1000 1000
1000 1000
1000 1000
1000 1000
1000 1000
1000 1000
1000 1000
1000 1000
1000 1000
1000 1000
1000 1000
1000 1000
1000 1000
1000 1000
1000 1000
1000 1000
1000 1000
1000 1000
1000 1000
1000 1000
1000 1000
1000 1000
1000 1000
1000 1000
1000 1000
1000 1000
1000 1000
1000 1000
1000 1000
1000 1000
1000 1000
1000 1000
1000 1000
1000 1000
1000 1000
1000 1000
1000 1000
1000 1000
1000 1000
1000 1000
1000 1000
1000 1000
1000 1000
1000 1000
1000 1000
1000 1000
1000 1000
1000 1000
1000 1000
1000 1000
1000 1000
1000 1000
1000 1000
1000 1000
1000 1000
1000 1000
1000 1000
1000 1000
1000 1000
1000 1000
1000 1000
1000 1000
1000 1000
1000 1000
1000 1000
1000 1000
1000 1000
1000 1000
1000 1000
1000 1000
1000 1000
1000 1000
1000 1000
1000 1000
1000 1000
1000 1000
1000 1000
1000 1000
1000 1000
1000 1000
1000 1000
1000 1000
1000 1000
1000 1000
1000 1000
1000 1000
1000 1000
1000 1000
1000 1000
1000 1000
1000 1000
1000 1000
1000 1000
1000 1000
1000 1000
1000 1000
1000 1000
1000 1000
1000 1000
1000 1000
1000 1000
1000 1000
1000 1000
1000 1000
1000 1000
1000 1000
1000 1000
1000 1000
1000 1000
1000 1000
1000 1000
1000 1000
1000 1000
1000 1000
1000 1000
1000 1000
1000 1000
1000 1000
1000 1000
1000 1000
1000 1000
1000 1000
1000 1000
1000 1000
1000 1000
1000 1000
1000 1000
1000 1000
1000 1000
1000 1000
1000 1000
1000 1000
1000 1000
1000 1000
1000 1000
1000 1000
1000 1000
1000 1000
1000 1000
1000 1000
1000 1000
1000 1000
1000 1000
1000 1000
1000 1000
1000 1000
1000 1000
1000 1000
1000 1000
1000 1000
1000 1000
1000 1000
1000 1000
1000 1000
1000 1000
1000 1000
1000 1000
1000 1000
1000 1000
1000 1000
1000 1000
1000 1000
1000 1000
1000 1000
1000 1000
1000 1000
1000 1000
1000 1000
1000 1000
1000 1000
1000 1000
1000 1000
1000 1000
1000 1000
1000 1000
1000 1000
1000 1000
1000 1000
1000 1000
1000 1000
1000 1000
1000 1000
1000 1000
1000 1000
1000 1000
1000 1000
1000 1000
1000 1000
1000 1000
1000 1000
1000 1000
1000 1000
1000 1000
1000 1000
1000 1000
1000 1000
1000 1000
1000 1000
1000 1000
1000 1000
1000 1000
1000 1000
1000 1000
1000 1000
1000 1000
1000 1000
1000 1000
1000 1000
1000 1000
1000 1000
1000 1000
1000 1000
1000 1000
1000 1000
1000 1000
1000 1000
1000 1000
1000 1000
1000 1000
1000 1000
1000 1000
1000 1000
1000 1000
1000 1000
1000 1000
1000 1000
1000 1000
1000 1000
1000 1000
1000 1000
1000 1000
1000 1000
1000 1000
1000 1000
1000 1000
1000 1000
1000 1000
1000 1000
1000 1000
1000 1000
1000 1000
1000 1000
1000 1000
1000 1000
1000 1000
1000 1000
1000 1000
1000 1000
1000 1000
1000 1000
1000 1000
1000 1000
1000 1000
1000 1000
1000 1000
1000 1000
1000 1000
1000 1000
1000 1000
1000 1000
1000 1000
1000 1000
1000 1000
1000 1000
1000 1000
1000 1000
1000 1000
1000 1000
1000 1000
1000 1000
1000 1000
1000 1000
1000 1000
1000 1000
1000 1000
1000 1000
1000 1000
1000 1000
1000 1000
1000 1000
1000 1000
1000 1000
1000 1000
1000 1000
1000 1000
1000 1000
1000 1000
1000 1000
1000 1000
1000 1000
1000 1000
1000 1000
1000 1000
1000 1000
1000 1000
1000 1000
1000 1000
1000 1000
1000 1000
1000 1000
1000 1000
1000 1000
1000 1000
1000 1000
1000 1000
1000 1000
1000 1000
1000 1000
1000 1000
1000 1000
1000 1000
1000 1000
1000 1000
1000 1000
1000 1000
1000 1000
1000 1000
1000 1000
1000 1000
1000 1000
1000 1000
1000 1000
1000 1000
1000 1000
1000 1000
1000 1000
1000 1000
1000 1000
1000 1000
1000 1000
1000 1000
1000 1000
1000 1000
1000 1000
1000 1000
1000 1000
1000 1000
1000 1000
1000 1000
1000 1000
1000 1000
1000 1000
1000 1000
1000 1000
1000 1000
1000 1000
1000 1000
1000 1000
1000 1000
1000 1000
1000 1000
1000 1000
1000 1000
1000 1000
1000 1000
1000 1000
1000 1000
1000 1000
1000 1000
1000 1000
1000 1000
1000 1000
1000 1000
1000 1000
1000 1000
1000 1000
1000 1000
1000 1000
1000 1000
1000 1000
1000 1000
1000 1000
1000 1000
1000 1000
1000 1000
