1098 1279
1097 1278
1096 1277
1095 1276
1094 1275
1093 1274
1092 1273
1091 1272
1090 1271
1089 1270
1088 1269
1087 1268
1086 1267
1085 1266
1084 1265
1083 1264
1082 1263
1081 1262
1080 1261
1079 1260
1078 1259
1077 1258
1076 1257
1075 1256
1074 1255
1073 1254
1072 1253
1071 1252
1070 1251
1069 1250
1068 1249
1067 1248
1066 1247
1065 1246
1064 1245
1063 1244
1062 1243
1061 1242
1060 1241
1059 1240
1058 1239
1057 1238
1056 1237
1055 1236
1054 1235
1053 1234
1052 1233
1051 1232
1050 1231
1049 1230
1048 1229
1047 1228
1046 1227
1045 1226
1044 1225
1043 1224
1042 1223
1041 1222
1040 1221
1039 1220
1038 1219
1037 1218
1036 1217
1035 1216
1034 1215
1033 1214
1032 1213
1031 1212
1030 1211
1029 1210
1028 1209
1027 1208
1026 1207
1025 1206
1024 1205
1023 1204
1022 1203
1021 1202
1020 1201
1019 1200
1018 1199
1017 1198
1016 1197
1015 1196
1014 1195
1013 1194
1012 1193
1011 1192
1010 1191
1009 1190
1008 1189
1007 1188
1006 1187
1005 1186
1004 1185
1003 1184
1002 1183
1001 1182
1000 1181
999 1180
998 1179
997 1178
996 1177
995 1176
994 1175
993 1174
992 1173
991 1172
990 1171
989 1170
988 1169
987 1168
986 1167
985 1166
984 1165
983 1164
982 1163
981 1162
980 1161
979 1160
978 1159
977 1158
976 1157
975 1156
974 1155
973 1154
972 1153
971 1152
970 1151
969 1150
968 1149
967 1148
966 1147
965 1146
964 1145
963 1144
962 1143
961 1142
960 1141
959 1140
958 1139
957 1138
956 1137
955 1136
954 1135
953 1134
952 1133
951 1132
950 1131
949 1130
948 1129
947 1128
946 1127
945 1126
944 1125
943 1124
942 1123
941 1122
940 1121
939 1120
938 1119
937 1118
936 1117
935 1116
934 1115
933 1114
932 1113
931 1112
930 1111
929 1110
928 1109
927 1108
926 1107
925 1106
924 1105
923 1104
922 1103
921 1102
920 1101
919 1100
918 1099
917 1098
916 1097
915 1096
914 1095
913 1094
912 1093
911 1092
910 1091
909 1090
908 1089
907 1088
906 1087
905 1086
904 1085
903 1084
902 1083
901 1082
900 1081
899 1080
898 1079
897 1078
896 1077
895 1076
894 1075
893 1074
892 1073
891 1072
890 1071
889 1070
888 1069
887 1068
886 1067
885 1066
884 1065
883 1064
882 1063
881 1062
880 1061
879 1060
878 1059
877 1058
876 1057
875 1056
874 1055
873 1054
872 1053
871 1052
870 1051
869 1050
868 1049
867 1048
866 1047
865 1046
864 1045
863 1044
862 1043
861 1042
860 1041
859 1040
858 1039
857 1038
856 1037
855 1036
854 1035
853 1034
852 1033
851 1032
850 1031
849 1030
848 1029
847 1028
846 1027
845 1026
844 1025
843 1024
842 1023
841 1022
840 1021
839 1020
838 1019
837 1018
836 1017
835 1016
834 1015
833 1014
832 1013
831 1012
830 1011
829 1010
828 1009
827 1008
826 1007
825 1006
824 1005
823 1004
822 1003
821 1002
820 1001
819 1000
818 999
817 998
816 997
815 996
814 995
813 994
812 993
811 992
810 991
809 990
808 989
807 988
806 987
805 986
804 985
803 984
802 983
801 982
800 981
799 980
798 979
797 978
796 977
795 976
794 975
793 974
792 973
791 972
790 971
789 970
788 969
787 968
786 967
785 966
784 965
783 964
782 963
781 962
780 961
779 960
778 959
777 958
776 957
775 956
774 955
773 954
772 953
771 952
770 951
769 950
768 949
767 948
766 947
765 946
764 945
763 944
762 943
761 942
760 941
759 940
758 939
757 938
756 937
755 936
754 935
753 934
752 933
751 932
750 931
749 930
748 929
747 928
746 927
745 926
744 925
743 924
742 923
741 922
740 921
739 920
738 919
737 918
736 917
735 916
734 915
733 914
732 913
731 912
730 911
729 910
728 909
727 908
726 907
725 906
724 905
723 904
722 903
721 902
720 901
719 900
718 899
717 898
716 897
715 896
714 895
713 894
712 893
711 892
710 891
709 890
708 889
707 888
706 887
705 886
704 885
703 884
702 883
701 882
700 881
699 880
698 879
697 878
696 877
695 876
694 875
693 874
692 873
691 872
690 871
689 870
688 869
687 868
686 867
685 866
684 865
683 864
682 863
681 862
680 861
679 860
678 859
677 858
676 857
675 856
674 855
673 854
672 853
671 852
670 851
669 850
668 849
667 848
666 847
665 846
664 845
663 844
662 843
661 842
660 841
659 840
658 839
657 838
656 837
655 836
654 835
653 834
652 833
651 832
650 831
649 830
648 829
647 828
646 827
645 826
644 825
643 824
642 823
641 822
640 821
639 820
638 819
637 818
636 817
635 816
634 815
633 814
632 813
631 812
630 811
629 810
628 809
627 808
626 807
625 806
624 805
623 804
622 803
621 802
620 801
619 800
618 799
617 798
616 797
615 796
614 795
613 794
612 793
611 792
610 791
609 790
608 789
607 788
606 787
605 786
604 785
603 784
602 783
601 782
600 781
599 780
598 779
597 778
596 777
595 776
594 775
593 774
592 773
591 772
590 771
589 770
588 769
587 768
586 767
585 766
584 765
583 764
582 763
581 762
580 761
579 760
578 759
577 758
576 757
575 756
574 755
573 754
572 753
571 752
570 751
569 750
568 749
567 748
566 747
565 746
564 745
563 744
562 743
561 742
560 741
559 740
558 739
557 738
556 737
555 736
554 735
553 734
552 733
551 732
550 731
549 730
548 729
547 728
546 727
545 726
544 725
543 724
542 723
541 722
540 721
539 720
538 719
537 718
536 717
535 716
534 715
533 714
532 713
531 712
530 711
529 710
528 709
527 708
526 707
525 706
524 705
523 704
522 703
521 702
520 701
519 700
518 699
517 698
516 697
515 696
514 695
513 694
512 693
511 692
510 691
509 690
508 689
507 688
506 687
505 686
504 685
503 684
502 683
501 682
500 681
499 680
498 679
497 678
496 677
495 676
494 675
493 674
492 673
491 672
490 671
489 670
488 669
487 668
486 667
485 666
484 665
483 664
482 663
481 662
480 661
479 660
478 659
477 658
476 657
475 656
474 655
473 654
472 653
471 652
470 651
469 650
468 649
467 648
466 647
465 646
464 645
463 644
462 643
461 642
460 641
459 640
458 639
457 638
456 637
455 636
454 635
453 634
452 633
451 632
450 631
449 630
448 629
447 628
446 627
445 626
444 625
443 624
442 623
441 622
440 621
439 620
438 619
437 618
436 617
435 616
434 615
433 614
432 613
431 612
430 611
429 610
428 609
427 608
426 607
425 606
424 605
423 604
422 603
421 602
420 601
419 600
418 599
417 598
416 597
415 596
414 595
413 594
412 593
411 592
410 591
409 590
408 589
407 588
406 587
405 586
404 585
403 584
402 583
401 582
400 581
399 580
398 579
397 578
396 577
395 576
394 575
393 574
392 573
391 572
390 571
389 570
388 569
387 568
386 567
385 566
384 565
383 564
382 563
381 562
380 561
379 560
378 559
377 558
376 557
375 556
374 555
373 554
372 553
371 552
370 551
369 550
368 549
367 548
366 547
365 546
364 545
363 544
362 543
361 542
360 541
359 540
358 539
357 538
356 537
355 536
354 535
353 534
352 533
351 532
350 531
349 530
348 529
347 528
346 527
345 526
344 525
343 524
342 523
341 522
340 521
339 520
338 519
337 518
336 517
335 516
334 515
333 514
332 513
331 512
330 511
329 510
328 509
327 508
326 507
325 506
324 505
323 504
322 503
321 502
320 501
319 500
318 499
317 498
316 497
315 496
314 495
313 494
312 493
311 492
310 491
309 490
308 489
307 488
306 487
305 486
304 485
303 484
302 483
301 482
300 481
299 480
298 479
297 478
296 477
295 476
294 475
293 474
292 473
291 472
290 471
289 470
288 469
287 468
286 467
285 466
284 465
283 464
282 463
281 462
280 461
279 460
278 459
277 458
276 457
275 456
274 455
273 454
272 453
271 452
270 451
269 450
268 449
267 448
266 447
265 446
264 445
263 444
262 443
261 442
260 441
259 440
258 439
257 438
256 437
255 436
254 435
253 434
252 433
251 432
250 431
249 430
248 429
247 428
246 427
245 426
244 425
243 424
242 423
241 422
240 421
239 420
238 419
237 418
236 417
235 416
234 415
233 414
232 413
231 412
230 411
229 410
228 409
227 408
226 407
225 406
224 405
223 404
222 403
221 402
220 401
219 400
218 399
217 398
216 397
215 396
214 395
213 394
212 393
211 392
210 391
209 390
208 389
207 388
206 387
205 386
204 385
203 384
202 383
201 382
200 381
199 380
198 379
197 378
196 377
195 376
194 375
193 374
192 373
191 372
190 371
189 370
188 369
187 368
186 367
185 366
184 365
183 364
182 363
181 362
180 361
179 360
178 359
177 358
176 357
175 356
174 355
173 354
172 353
171 352
170 351
169 350
168 349
167 348
166 347
165 346
164 345
163 344
162 343
161 342
160 341
159 340
158 339
157 338
156 337
155 336
154 335
153 334
152 333
151 332
150 331
149 330
148 329
147 328
146 327
145 326
144 325
143 324
142 323
141 322
140 321
139 320
138 319
137 318
136 317
135 316
134 315
133 314
132 313
131 312
130 311
129 310
128 309
127 308
126 307
125 306
124 305
123 304
122 303
121 302
120 301
119 300
118 299
117 298
116 297
115 296
114 295
113 294
112 293
111 292
110 291
109 290
108 289
107 288
106 287
105 286
104 285
103 284
102 283
101 282
100 281
99 280
98 279
97 278
96 277
95 276
94 275
93 274
92 273
91 272
90 271
89 270
88 269
87 268
86 267
85 266
84 265
83 264
82 263
81 262
80 261
79 260
78 259
77 258
76 257
75 256
74 255
73 254
72 253
71 252
70 251
69 250
68 249
67 248
66 247
65 246
64 245
63 244
62 243
61 242
60 241
59 240
58 239
57 238
56 237
55 236
54 235
53 234
52 233
51 232
50 231
49 230
48 229
47 228
46 227
45 226
44 225
43 224
42 223
41 222
40 221
39 220
38 219
37 218
36 217
35 216
34 215
33 214
32 213
31 212
30 211
29 210
28 209
27 208
26 207
25 206
24 205
23 204
22 203
21 202
20 201
19 200
18 199
17 198
16 197
15 196
14 195
13 194
12 193
11 192
10 191
9 190
8 189
7 188
6 187
5 186
4 185
3 184
2 183
1 182
0 181
2294 180
2293 179
2292 178
2291 177
2290 176
2289 175
2288 174
2287 173
2286 172
2285 171
2284 170
2283 169
2282 168
2281 167
2280 166
2279 165
2278 164
2277 163
2276 162
2275 161
2274 160
2273 159
2272 158
2271 157
2270 156
2269 155
2268 154
2267 153
2266 152
2265 151
2264 150
2263 149
2262 148
2261 147
2260 146
2259 145
2258 144
2257 143
2256 142
2255 141
2254 140
2253 139
2252 138
2251 137
2250 136
2249 135
2248 134
2247 133
2246 132
2245 131
2244 130
2243 129
2242 128
2241 127
2240 126
2239 125
2238 124
2237 123
2236 122
2235 121
2234 120
2233 119
2232 118
2231 117
2230 116
2229 115
2228 114
2227 113
2226 112
2225 111
2224 110
2223 109
2222 108
2221 107
2220 106
2219 105
2218 104
2217 103
2216 102
2215 101
2214 100
2213 99
2212 98
2211 97
2210 96
2209 95
2208 94
2207 93
2206 92
2205 91
2204 90
2203 89
2202 88
2201 87
2200 86
2199 85
2198 84
2197 83
2196 82
2195 81
2194 80
2193 79
2192 78
2191 77
2190 76
2189 75
2188 74
2187 73
2186 72
2185 71
2184 70
2183 69
2182 68
2181 67
2180 66
2179 65
2178 64
2177 63
2176 62
2175 61
2174 60
2173 59
2172 58
2171 57
2170 56
2169 55
2168 54
2167 53
2166 52
2165 51
2164 50
2163 49
2162 48
2161 47
2160 46
2159 45
2158 44
2157 43
2156 42
2155 41
2154 40
2153 39
2152 38
2151 37
2150 36
2149 35
2148 34
2147 33
2146 32
2145 31
2144 30
2143 29
2142 28
2141 27
2140 26
2139 25
2138 24
2137 23
2136 22
2135 21
2134 20
2133 19
2132 18
2131 17
2130 16
2129 15
2128 14
2127 13
2126 12
2125 11
2124 10
2123 9
2122 8
2121 7
2120 6
2119 5
2118 4
2117 3
2116 2
2115 1
2114 0
2113 2279
2112 2278
2111 2277
2110 2276
2109 2275
2108 2274
2107 2273
2106 2272
2105 2271
2104 2270
2103 2269
2102 2268
2101 2267
2100 2266
2099 2265
2098 2264
2097 2263
2096 2262
2095 2261
2094 2260
2093 2259
2092 2258
2091 2257
2090 2256
2089 2255
2088 2254
2087 2253
2086 2252
2085 2251
2084 2250
2083 2249
2082 2248
2081 2247
2080 2246
2079 2245
2078 2244
2077 2243
2076 2242
2075 2241
2074 2240
2073 2239
2072 2238
2071 2237
2070 2236
2069 2235
2068 2234
2067 2233
2066 2232
2065 2231
2064 2230
2063 2229
2062 2228
2061 2227
2060 2226
2059 2225
2058 2224
2057 2223
2056 2222
2055 2221
2054 2220
2053 2219
2052 2218
2051 2217
2050 2216
2049 2215
2048 2214
2047 2213
2046 2212
2045 2211
2044 2210
2043 2209
2042 2208
2041 2207
2040 2206
2039 2205
2038 2204
2037 2203
2036 2202
2035 2201
2034 2200
2033 2199
2032 2198
2031 2197
2030 2196
2029 2195
2028 2194
2027 2193
2026 2192
2025 2191
2024 2190
2023 2189
2022 2188
2021 2187
2020 2186
2019 2185
2018 2184
2017 2183
2016 2182
2015 2181
2014 2180
2013 2179
2012 2178
2011 2177
2010 2176
2009 2175
2008 2174
2007 2173
2006 2172
2005 2171
2004 2170
2003 2169
2002 2168
2001 2167
2000 2166
1999 2165
1998 2164
1997 2163
1996 2162
1995 2161
1994 2160
1993 2159
1992 2158
1991 2157
1990 2156
1989 2155
1988 2154
1987 2153
1986 2152
1985 2151
1984 2150
1983 2149
1982 2148
1981 2147
1980 2146
1979 2145
1978 2144
1977 2143
1976 2142
1975 2141
1974 2140
1973 2139
1972 2138
1971 2137
1970 2136
1969 2135
1968 2134
1967 2133
1966 2132
1965 2131
1964 2130
1963 2129
1962 2128
1961 2127
1960 2126
1959 2125
1958 2124
1957 2123
1956 2122
1955 2121
1954 2120
1953 2119
1952 2118
1951 2117
1950 2116
1949 2115
1948 2114
1947 2113
1946 2112
1945 2111
1944 2110
1943 2109
1942 2108
1941 2107
1940 2106
1939 2105
1938 2104
1937 2103
1936 2102
1935 2101
1934 2100
1933 2099
1932 2098
1931 2097
1930 2096
1929 2095
1928 2094
1927 2093
1926 2092
1925 2091
1924 2090
1923 2089
1922 2088
1921 2087
1920 2086
1919 2085
1918 2084
1917 2083
1916 2082
1915 2081
1914 2080
1913 2079
1912 2078
1911 2077
1910 2076
1909 2075
1908 2074
1907 2073
1906 2072
1905 2071
1904 2070
1903 2069
1902 2068
1901 2067
1900 2066
1899 2065
1898 2064
1897 2063
1896 2062
1895 2061
1894 2060
1893 2059
1892 2058
1891 2057
1890 2056
1889 2055
1888 2054
1887 2053
1886 2052
1885 2051
1884 2050
1883 2049
1882 2048
1881 2047
1880 2046
1879 2045
1878 2044
1877 2043
1876 2042
1875 2041
1874 2040
1873 2039
1872 2038
1871 2037
1870 2036
1869 2035
1868 2034
1867 2033
1866 2032
1865 2031
1864 2030
1863 2029
1862 2028
1861 2027
1860 2026
1859 2025
1858 2024
1857 2023
1856 2022
1855 2021
1854 2020
1853 2019
1852 2018
1851 2017
1850 2016
1849 2015
1848 2014
1847 2013
1846 2012
1845 2011
1844 2010
1843 2009
1842 2008
1841 2007
1840 2006
1839 2005
1838 2004
1837 2003
1836 2002
1835 2001
1834 2000
1833 1999
1832 1998
1831 1997
1830 1996
1829 1995
1828 1994
1827 1993
1826 1992
1825 1991
1824 1990
1823 1989
1822 1988
1821 1987
1820 1986
1819 1985
1818 1984
1817 1983
1816 1982
1815 1981
1814 1980
1813 1979
1812 1978
1811 1977
1810 1976
1809 1975
1808 1974
1807 1973
1806 1972
1805 1971
1804 1970
1803 1969
1802 1968
1801 1967
1800 1966
1799 1965
1798 1964
1797 1963
1796 1962
1795 1961
1794 1960
1793 1959
1792 1958
1791 1957
1790 1956
1789 1955
1788 1954
1787 1953
1786 1952
1785 1951
1784 1950
1783 1949
1782 1948
1781 1947
1780 1946
1779 1945
1778 1944
1777 1943
1776 1942
1775 1941
1774 1940
1773 1939
1772 1938
1771 1937
1770 1936
1769 1935
1768 1934
1767 1933
1766 1932
1765 1931
1764 1930
1763 1929
1762 1928
1761 1927
1760 1926
1759 1925
1758 1924
1757 1923
1756 1922
1755 1921
1754 1920
1753 1919
1752 1918
1751 1917
1750 1916
1749 1915
1748 1914
1747 1913
1746 1912
1745 1911
1744 1910
1743 1909
1742 1908
1741 1907
1740 1906
1739 1905
1738 1904
1737 1903
1736 1902
1735 1901
1734 1900
1733 1899
1732 1898
1731 1897
1730 1896
1729 1895
1728 1894
1727 1893
1726 1892
1725 1891
1724 1890
1723 1889
1722 1888
1721 1887
1720 1886
1719 1885
1718 1884
1717 1883
1716 1882
1715 1881
1714 1880
1713 1879
1712 1878
1711 1877
1710 1876
1709 1875
1708 1874
1707 1873
1706 1872
1705 1871
1704 1870
1703 1869
1702 1868
1701 1867
1700 1866
1699 1865
1698 1864
1697 1863
1696 1862
1695 1861
1694 1860
1693 1859
1692 1858
1691 1857
1690 1856
1689 1855
1688 1854
1687 1853
1686 1852
1685 1851
1684 1850
1683 1849
1682 1848
1681 1847
1680 1846
1679 1845
1678 1844
1677 1843
1676 1842
1675 1841
1674 1840
1673 1839
1672 1838
1671 1837
1670 1836
1669 1835
1668 1834
1667 1833
1666 1832
1665 1831
1664 1830
1663 1829
1662 1828
1661 1827
1660 1826
1659 1825
1658 1824
1657 1823
1656 1822
1655 1821
1654 1820
1653 1819
1652 1818
1651 1817
1650 1816
1649 1815
1648 1814
1647 1813
1646 1812
1645 1811
1644 1810
1643 1809
1642 1808
1641 1807
1640 1806
1639 1805
1638 1804
1637 1803
1636 1802
1635 1801
1634 1800
1633 1799
1632 1798
1631 1797
1630 1796
1629 1795
1628 1794
1627 1793
1626 1792
1625 1791
1624 1790
1623 1789
1622 1788
1621 1787
1620 1786
1619 1785
1618 1784
1617 1783
1616 1782
1615 1781
1614 1780
1613 1779
1612 1778
1611 1777
1610 1776
1609 1775
1608 1774
1607 1773
1606 1772
1605 1771
1604 1770
1603 1769
1602 1768
1601 1767
1600 1766
1599 1765
1598 1764
1597 1763
1596 1762
1595 1761
1594 1760
1593 1759
1592 1758
1591 1757
1590 1756
1589 1755
1588 1754
1587 1753
1586 1752
1585 1751
1584 1750
1583 1749
1582 1748
1581 1747
1580 1746
1579 1745
1578 1744
1577 1743
1576 1742
1575 1741
1574 1740
1573 1739
1572 1738
1571 1737
1570 1736
1569 1735
1568 1734
1567 1733
1566 1732
1565 1731
1564 1730
1563 1729
1562 1728
1561 1727
1560 1726
1559 1725
1558 1724
1557 1723
1556 1722
1555 1721
1554 1720
1553 1719
1552 1718
1551 1717
1550 1716
1549 1715
1548 1714
1547 1713
1546 1712
1545 1711
1544 1710
1543 1709
1542 1708
1541 1707
1540 1706
1539 1705
1538 1704
1537 1703
1536 1702
1535 1701
1534 1700
1533 1699
1532 1698
1531 1697
1530 1696
1529 1695
1528 1694
1527 1693
1526 1692
1525 1691
1524 1690
1523 1689
1522 1688
1521 1687
1520 1686
1519 1685
1518 1684
1517 1683
1516 1682
1515 1681
1514 1680
1513 1679
1512 1678
1511 1677
1510 1676
1509 1675
1508 1674
1507 1673
1506 1672
1505 1671
1504 1670
1503 1669
1502 1668
1501 1667
1500 1666
1499 1665
1498 1664
1497 1663
1496 1662
1495 1661
1494 1660
1493 1659
1492 1658
1491 1657
1490 1656
1489 1655
1488 1654
1487 1653
1486 1652
1485 1651
1484 1650
1483 1649
1482 1648
1481 1647
1480 1646
1479 1645
1478 1644
1477 1643
1476 1642
1475 1641
1474 1640
1473 1639
1472 1638
1471 1637
1470 1636
1469 1635
1468 1634
1467 1633
1466 1632
1465 1631
1464 1630
1463 1629
1462 1628
1461 1627
1460 1626
1459 1625
1458 1624
1457 1623
1456 1622
1455 1621
1454 1620
1453 1619
1452 1618
1451 1617
1450 1616
1449 1615
1448 1614
1447 1613
1446 1612
1445 1611
1444 1610
1443 1609
1442 1608
1441 1607
1440 1606
1439 1605
1438 1604
1437 1603
1436 1602
1435 1601
1434 1600
1433 1599
1432 1598
1431 1597
1430 1596
1429 1595
1428 1594
1427 1593
1426 1592
1425 1591
1424 1590
1423 1589
1422 1588
1421 1587
1420 1586
1419 1585
1418 1584
1417 1583
1416 1582
1415 1581
1414 1580
1413 1579
1412 1578
1411 1577
1410 1576
1409 1575
1408 1574
1407 1573
1406 1572
1405 1571
1404 1570
1403 1569
1402 1568
1401 1567
1400 1566
1399 1565
1398 1564
1397 1563
1396 1562
1395 1561
1394 1560
1393 1559
1392 1558
1391 1557
1390 1556
1389 1555
1388 1554
1387 1553
1386 1552
1385 1551
1384 1550
1383 1549
1382 1548
1381 1547
1380 1546
1379 1545
1378 1544
1377 1543
1376 1542
1375 1541
1374 1540
1373 1539
1372 1538
1371 1537
1370 1536
1369 1535
1368 1534
1367 1533
1366 1532
1365 1531
1364 1530
1363 1529
1362 1528
1361 1527
1360 1526
1359 1525
1358 1524
1357 1523
1356 1522
1355 1521
1354 1520
1353 1519
1352 1518
1351 1517
1350 1516
1349 1515
1348 1514
1347 1513
1346 1512
1345 1511
1344 1510
1343 1509
1342 1508
1341 1507
1340 1506
1339 1505
1338 1504
1337 1503
1336 1502
1335 1501
1334 1500
1333 1499
1332 1498
1331 1497
1330 1496
1329 1495
1328 1494
1327 1493
1326 1492
1325 1491
1324 1490
1323 1489
1322 1488
1321 1487
1320 1486
1319 1485
1318 1484
1317 1483
1316 1482
1315 1481
1314 1480
1313 1479
1312 1478
1311 1477
1310 1476
1309 1475
1308 1474
1307 1473
1306 1472
1305 1471
1304 1470
1303 1469
1302 1468
1301 1467
1300 1466
1299 1465
1298 1464
1297 1463
1296 1462
1295 1461
1294 1460
1293 1459
1292 1458
1291 1457
1290 1456
1289 1455
1288 1454
1287 1453
1286 1452
1285 1451
1284 1450
1283 1449
1282 1448
1281 1447
1280 1446
1279 1445
1278 1444
1277 1443
1276 1442
1275 1441
1274 1440
1273 1439
1272 1438
1271 1437
1270 1436
1269 1435
1268 1434
1267 1433
1266 1432
1265 1431
1264 1430
1263 1429
1262 1428
1261 1427
1260 1426
1259 1425
1258 1424
1257 1423
1256 1422
1255 1421
1254 1420
1253 1419
1252 1418
1251 1417
1250 1416
1249 1415
1248 1414
1247 1413
1246 1412
1245 1411
1244 1410
1243 1409
1242 1408
1241 1407
1240 1406
1239 1405
1238 1404
1237 1403
1236 1402
1235 1401
1234 1400
1233 1399
1232 1398
1231 1397
1230 1396
1229 1395
1228 1394
1227 1393
1226 1392
1225 1391
1224 1390
1223 1389
1222 1388
1221 1387
1220 1386
1219 1385
1218 1384
1217 1383
1216 1382
1215 1381
1214 1380
1213 1379
1212 1378
1211 1377
1210 1376
1209 1375
1208 1374
1207 1373
1206 1372
1205 1371
1204 1370
1203 1369
1202 1368
1201 1367
1200 1366
1199 1365
1198 1364
1197 1363
1196 1362
1195 1361
1194 1360
1193 1359
1192 1358
1191 1357
1190 1356
1189 1355
1188 1354
1187 1353
1186 1352
1185 1351
1184 1350
1183 1349
1182 1348
1181 1347
1180 1346
1179 1345
1178 1344
1177 1343
1176 1342
1175 1341
1174 1340
1173 1339
1172 1338
1171 1337
1170 1336
1169 1335
1168 1334
1167 1333
1166 1332
1165 1331
1164 1330
1163 1329
1162 1328
1161 1327
1160 1326
1159 1325
1158 1324
1157 1323
1156 1322
1155 1321
1154 1320
1153 1319
1152 1318
1151 1317
1150 1316
1149 1315
1148 1314
1147 1313
1146 1312
1145 1311
1144 1310
1143 1309
1142 1308
1141 1307
1140 1306
1139 1305
1138 1304
1137 1303
1136 1302
1135 1301
1134 1300
1133 1299
1132 1298
1131 1297
1130 1296
1129 1295
1128 1294
1127 1293
1126 1292
1125 1291
1124 1290
1123 1289
1122 1288
1121 1287
1120 1286
1119 1285
1118 1284
1117 1283
1116 1282
1115 1281
1114 1280
1113 1279
1112 1278
1111 1277
1110 1276
1109 1275
1108 1274
1107 1273
1106 1272
1105 1271
1104 1270
1103 1269
1102 1268
1101 1267
1100 1266
1099 1265
1098 1264
1097 1263
1096 1262
1095 1261
1094 1260
1093 1259
1092 1258
1091 1257
1090 1256
1089 1255
1088 1254
1087 1253
1086 1252
1085 1251
1084 1250
1083 1249
1082 1248
1081 1247
1080 1246
1079 1245
1078 1244
1077 1243
1076 1242
1075 1241
1074 1240
1073 1239
1072 1238
1071 1237
1070 1236
1069 1235
1068 1234
1067 1233
1066 1232
1065 1231
1064 1230
1063 1229
1062 1228
1061 1227
1060 1226
1059 1225
1058 1224
1057 1223
1056 1222
1055 1221
1054 1220
1053 1219
1052 1218
1051 1217
1050 1216
1049 1215
1048 1214
1047 1213
1046 1212
1045 1211
1044 1210
1043 1209
1042 1208
1041 1207
1040 1206
1039 1205
1038 1204
1037 1203
1036 1202
1035 1201
1034 1200
1033 1199
1032 1198
1031 1197
1030 1196
1029 1195
1028 1194
1027 1193
1026 1192
1025 1191
1024 1190
1023 1189
1022 1188
1021 1187
1020 1186
1019 1185
1018 1184
1017 1183
1016 1182
1015 1181
1014 1180
1013 1179
1012 1178
1011 1177
1010 1176
1009 1175
1008 1174
1007 1173
1006 1172
1005 1171
1004 1170
1003 1169
1002 1168
1001 1167
1000 1166
999 1165
998 1164
997 1163
996 1162
995 1161
994 1160
993 1159
992 1158
991 1157
990 1156
989 1155
988 1154
987 1153
986 1152
985 1151
984 1150
983 1149
982 1148
981 1147
980 1146
979 1145
978 1144
977 1143
976 1142
975 1141
974 1140
973 1139
972 1138
971 1137
970 1136
969 1135
968 1134
967 1133
966 1132
965 1131
964 1130
963 1129
962 1128
961 1127
960 1126
959 1125
958 1124
957 1123
956 1122
955 1121
954 1120
953 1119
952 1118
951 1117
950 1116
949 1115
948 1114
947 1113
946 1112
945 1111
944 1110
943 1109
942 1108
941 1107
940 1106
939 1105
938 1104
937 1103
936 1102
935 1101
934 1100
933 1099
932 1098
931 1097
930 1096
929 1095
928 1094
927 1093
926 1092
925 1091
924 1090
923 1089
922 1088
921 1087
920 1086
919 1085
918 1084
917 1083
916 1082
915 1081
914 1080
913 1079
912 1078
911 1077
910 1076
909 1075
908 1074
907 1073
906 1072
905 1071
904 1070
903 1069
902 1068
901 1067
900 1066
899 1065
898 1064
897 1063
896 1062
895 1061
894 1060
893 1059
892 1058
891 1057
890 1056
889 1055
888 1054
887 1053
886 1052
885 1051
884 1050
883 1049
882 1048
881 1047
880 1046
879 1045
878 1044
877 1043
876 1042
875 1041
874 1040
873 1039
872 1038
871 1037
870 1036
869 1035
868 1034
867 1033
866 1032
865 1031
864 1030
863 1029
862 1028
861 1027
860 1026
859 1025
858 1024
857 1023
856 1022
855 1021
854 1020
853 1019
852 1018
851 1017
850 1016
849 1015
848 1014
847 1013
846 1012
845 1011
844 1010
843 1009
842 1008
841 1007
840 1006
839 1005
838 1004
837 1003
836 1002
835 1001
834 1000
833 999
832 998
831 997
830 996
829 995
828 994
827 993
826 992
825 991
824 990
823 989
822 988
821 987
820 986
819 985
818 984
817 983
816 982
815 981
814 980
813 979
812 978
811 977
810 976
809 975
808 974
807 973
806 972
805 971
804 970
803 969
802 968
801 967
800 966
799 965
798 964
797 963
796 962
795 961
794 960
793 959
792 958
791 957
790 956
789 955
788 954
787 953
786 952
785 951
784 950
783 949
782 948
781 947
780 946
779 945
778 944
777 943
776 942
775 941
774 940
773 939
772 938
771 937
770 936
769 935
768 934
767 933
766 932
765 931
764 930
763 929
762 928
761 927
760 926
759 925
758 924
757 923
756 922
755 921
754 920
753 919
752 918
751 917
750 916
749 915
748 914
747 913
746 912
745 911
744 910
743 909
742 908
741 907
740 906
739 905
738 904
737 903
736 902
735 901
734 900
733 899
732 898
731 897
730 896
729 895
728 894
727 893
726 892
725 891
724 890
723 889
722 888
721 887
720 886
719 885
718 884
717 883
716 882
715 881
714 880
713 879
712 878
711 877
710 876
709 875
708 874
707 873
706 872
705 871
704 870
703 869
702 868
701 867
700 866
699 865
698 864
697 863
696 862
695 861
694 860
693 859
692 858
691 857
690 856
689 855
688 854
687 853
686 852
685 851
684 850
683 849
682 848
681 847
680 846
679 845
678 844
677 843
676 842
675 841
674 840
673 839
672 838
671 837
670 836
669 835
668 834
667 833
666 832
665 831
664 830
663 829
662 828
661 827
660 826
659 825
658 824
657 823
656 822
655 821
654 820
653 819
652 818
651 817
650 816
649 815
648 814
647 813
646 812
645 811
644 810
643 809
642 808
641 807
640 806
639 805
638 804
637 803
636 802
635 801
634 800
633 799
632 798
631 797
630 796
629 795
628 794
627 793
626 792
625 791
624 790
623 789
622 788
621 787
620 786
619 785
618 784
617 783
616 782
615 781
614 780
613 779
612 778
611 777
610 776
609 775
608 774
607 773
606 772
605 771
604 770
603 769
602 768
601 767
600 766
599 765
598 764
597 763
596 762
595 761
594 760
593 759
592 758
591 757
590 756
589 755
588 754
587 753
586 752
585 751
584 750
583 749
582 748
581 747
580 746
579 745
578 744
577 743
576 742
575 741
574 740
573 739
572 738
571 737
570 736
569 735
568 734
567 733
566 732
565 731
564 730
563 729
562 728
561 727
560 726
559 725
558 724
557 723
556 722
555 721
554 720
553 719
552 718
551 717
550 716
549 715
548 714
547 713
546 712
545 711
544 710
543 709
542 708
541 707
540 706
539 705
538 704
537 703
536 702
535 701
534 700
533 699
532 698
531 697
530 696
529 695
528 694
527 693
526 692
525 691
524 690
523 689
522 688
521 687
520 686
519 685
518 684
517 683
516 682
515 681
514 680
513 679
512 678
511 677
510 676
509 675
508 674
507 673
506 672
505 671
504 670
503 669
502 668
501 667
500 666
499 665
498 664
497 663
496 662
495 661
494 660
493 659
492 658
491 657
490 656
489 655
488 654
487 653
486 652
485 651
484 650
483 649
482 648
481 647
480 646
479 645
478 644
477 643
476 642
475 641
474 640
473 639
472 638
471 637
470 636
469 635
468 634
467 633
466 632
465 631
464 630
463 629
462 628
461 627
460 626
459 625
458 624
457 623
456 622
455 621
454 620
453 619
452 618
451 617
450 616
449 615
448 614
447 613
446 612
445 611
444 610
443 609
442 608
441 607
440 606
439 605
438 604
437 603
436 602
435 601
434 600
433 599
432 598
431 597
430 596
429 595
428 594
427 593
426 592
425 591
424 590
423 589
422 588
421 587
420 586
419 585
418 584
417 583
416 582
415 581
414 580
413 579
412 578
411 577
410 576
409 575
408 574
407 573
406 572
405 571
404 570
403 569
402 568
401 567
400 566
399 565
398 564
397 563
396 562
395 561
394 560
393 559
392 558
391 557
390 556
389 555
388 554
387 553
386 552
385 551
384 550
383 549
382 548
381 547
380 546
379 545
378 544
377 543
376 542
375 541
374 540
373 539
372 538
371 537
370 536
369 535
368 534
367 533
366 532
365 531
364 530
363 529
362 528
361 527
360 526
359 525
358 524
357 523
356 522
355 521
354 520
353 519
352 518
351 517
350 516
349 515
348 514
347 513
346 512
345 511
344 510
343 509
342 508
341 507
340 506
339 505
338 504
337 503
336 502
335 501
334 500
333 499
332 498
331 497
330 496
329 495
328 494
327 493
326 492
325 491
324 490
323 489
322 488
321 487
320 486
319 485
318 484
317 483
316 482
315 481
314 480
313 479
312 478
311 477
310 476
309 475
308 474
307 473
306 472
305 471
304 470
303 469
302 468
301 467
300 466
299 465
298 464
297 463
296 462
295 461
294 460
293 459
292 458
291 457
290 456
289 455
288 454
287 453
286 452
285 451
284 450
283 449
282 448
281 447
280 446
279 445
278 444
277 443
276 442
275 441
274 440
273 439
272 438
271 437
270 436
269 435
268 434
267 433
266 432
265 431
264 430
263 429
262 428
261 427
260 426
259 425
258 424
257 423
256 422
255 421
254 420
253 419
252 418
251 417
250 416
249 415
248 414
247 413
246 412
245 411
244 410
243 409
242 408
241 407
240 406
239 405
238 404
237 403
236 402
235 401
234 400
233 399
232 398
231 397
230 396
229 395
228 394
227 393
226 392
225 391
224 390
223 389
222 388
221 387
220 386
219 385
218 384
217 383
216 382
215 381
214 380
213 379
212 378
211 377
210 376
209 375
208 374
207 373
206 372
205 371
204 370
203 369
202 368
201 367
200 366
199 365
198 364
197 363
196 362
195 361
194 360
193 359
192 358
191 357
190 356
189 355
188 354
187 353
186 352
185 351
184 350
183 349
182 348
181 347
180 346
179 345
178 344
177 343
176 342
175 341
174 340
173 339
172 338
171 337
170 336
169 335
168 334
167 333
166 332
165 331
164 330
163 329
162 328
161 327
160 326
159 325
158 324
157 323
156 322
155 321
154 320
153 319
152 318
151 317
150 316
149 315
148 314
147 313
146 312
145 311
144 310
143 309
142 308
141 307
140 306
139 305
138 304
137 303
136 302
135 301
134 300
133 299
132 298
131 297
130 296
129 295
128 294
127 293
126 292
125 291
124 290
123 289
122 288
121 287
120 286
119 285
118 284
117 283
116 282
115 281
114 280
113 279
112 278
111 277
110 276
109 275
108 274
107 273
106 272
105 271
104 270
103 269
102 268
101 267
100 266
99 265
98 264
97 263
96 262
95 261
94 260
93 259
92 258
91 257
90 256
89 255
88 254
87 253
86 252
85 251
84 250
83 249
82 248
81 247
80 246
79 245
78 244
77 243
76 242
75 241
74 240
73 239
72 238
71 237
70 236
69 235
68 234
67 233
66 232
65 231
64 230
63 229
62 228
61 227
60 226
59 225
58 224
57 223
56 222
55 221
54 220
53 219
52 218
51 217
50 216
49 215
48 214
47 213
46 212
45 211
44 210
43 209
42 208
41 207
40 206
39 205
38 204
37 203
36 202
35 201
34 200
33 199
32 198
31 197
30 196
29 195
28 194
27 193
26 192
25 191
24 190
23 189
22 188
21 187
20 186
19 185
18 184
17 183
16 182
15 181
14 180
13 179
12 178
11 177
10 176
9 175
8 174
7 173
6 172
5 171
4 170
3 169
2 168
1 167
0 166
1000 165
1000 164
1000 163
1000 162
1000 161
1000 160
1000 159
1000 158
1000 157
1000 156
1000 155
1000 154
1000 153
1000 152
1000 151
1000 150
1000 149
1000 148
1000 147
1000 146
1000 145
1000 144
1000 143
1000 142
1000 141
1000 140
1000 139
1000 138
1000 137
1000 136
1000 135
1000 134
1000 133
1000 132
1000 131
1000 130
1000 129
1000 128
1000 127
1000 126
1000 125
1000 124
1000 123
1000 122
1000 121
1000 120
1000 119
1000 118
1000 117
1000 116
1000 115
1000 114
1000 113
1000 112
1000 111
1000 110
1000 109
1000 108
1000 107
1000 106
1000 105
1000 104
1000 103
1000 102
1000 101
1000 100
1000 99
1000 98
1000 97
1000 96
1000 95
1000 94
1000 93
1000 92
1000 91
1000 90
1000 89
1000 88
1000 87
1000 86
1000 85
1000 84
1000 83
1000 82
1000 81
1000 80
1000 79
1000 78
1000 77
1000 76
1000 75
1000 74
1000 73
1000 72
1000 71
1000 70
1000 69
1000 68
1000 67
1000 66
1000 65
1000 64
1000 63
1000 62
1000 61
1000 60
1000 59
1000 58
1000 57
1000 56
1000 55
1000 54
1000 53
1000 52
1000 51
1000 50
1000 49
1000 48
1000 47
1000 46
1000 45
1000 44
1000 43
1000 42
1000 41
1000 40
1000 39
1000 38
1000 37
1000 36
1000 35
1000 34
1000 33
1000 32
1000 31
1000 30
1000 29
1000 28
1000 27
1000 26
1000 25
1000 24
1000 23
1000 22
1000 21
1000 20
1000 19
1000 18
1000 17
1000 16
1000 15
1000 14
1000 13
1000 12
1000 11
1000 10
1000 9
1000 8
1000 7
1000 6
1000 5
1000 4
1000 3
1000 2
1000 1
1000 0
1000 1000
1000 1000
1000 1000
1000 1000
1000 1000
1000 1000
1000 1000
1000 1000
1000 1000
1000 1000
1000 1000
1000 1000
1000 1000
1000 1000
1000 1000
1000 1000
1000 1000
1000 1000
1000 1000
1000 1000
1000 1000
1000 1000
1000 1000
1000 1000
1000 1000
1000 1000
1000 1000
1000 1000
1000 1000
1000 1000
1000 1000
1000 1000
1000 1000
1000 1000
1000 1000
1000 1000
1000 1000
1000 1000
1000 1000
1000 1000
1000 1000
1000 1000
1000 1000
1000 1000
1000 1000
1000 1000
1000 1000
1000 1000
1000 1000
1000 1000
1000 1000
1000 1000
1000 1000
1000 1000
1000 1000
1000 1000
1000 1000
1000 1000
1000 1000
1000 1000
1000 1000
1000 1000
1000 1000
1000 1000
1000 1000
1000 1000
1000 1000
1000 1000
1000 1000
1000 1000
1000 1000
1000 1000
1000 1000
1000 1000
1000 1000
1000 1000
1000 1000
1000 1000
1000 1000
1000 1000
1000 1000
1000 1000
1000 1000
1000 1000
1000 1000
1000 1000
1000 1000
1000 1000
1000 1000
1000 1000
1000 1000
1000 1000
1000 1000
1000 1000
1000 1000
1000 1000
1000 1000
1000 1000
1000 1000
1000 1000
1000 1000
1000 1000
1000 1000
1000 1000
1000 1000
1000 1000
1000 1000
1000 1000
1000 1000
1000 1000
1000 1000
1000 1000
1000 1000
1000 1000
1000 1000
1000 1000
1000 1000
1000 1000
1000 1000
1000 1000
1000 1000
1000 1000
1000 1000
1000 1000
1000 1000
1000 1000
1000 1000
1000 1000
1000 1000
1000 1000
1000 1000
1000 1000
1000 1000
1000 1000
1000 1000
1000 1000
1000 1000
1000 1000
1000 1000
1000 1000
1000 1000
1000 1000
1000 1000
1000 1000
1000 1000
1000 1000
1000 1000
1000 1000
1000 1000
1000 1000
1000 1000
1000 1000
1000 1000
1000 1000
1000 1000
1000 1000
1000 1000
1000 1000
1000 1000
1000 1000
1000 1000
1000 1000
1000 1000
1000 1000
1000 1000
1000 1000
1000 1000
1000 1000
1000 1000
1000 1000
1000 1000
1000 1000
1000 1000
1000 1000
1000 1000
1000 1000
1000 1000
1000 1000
1000 1000
1000 1000
1000 1000
1000 1000
1000 1000
1000 1000
1000 1000
1000 1000
1000 1000
1000 1000
1000 1000
1000 1000
1000 1000
1000 1000
1000 1000
1000 1000
1000 1000
1000 1000
1000 1000
1000 1000
1000 1000
1000 1000
1000 1000
1000 1000
1000 1000
1000 1000
1000 1000
1000 1000
1000 1000
1000 1000
1000 1000
1000 1000
1000 1000
1000 1000
1000 1000
1000 1000
1000 1000
1000 1000
1000 1000
1000 1000
1000 1000
1000 1000
1000 1000
1000 1000
1000 1000
1000 1000
1000 1000
1000 1000
1000 1000
1000 1000
1000 1000
1000 1000
1000 1000
1000 1000
1000 1000
1000 1000
1000 1000
1000 1000
1000 1000
1000 1000
1000 1000
1000 1000
1000 1000
1000 1000
1000 1000
1000 1000
1000 1000
1000 1000
1000 1000
1000 1000
1000 1000
1000 1000
1000 1000
1000 1000
1000 1000
1000 1000
1000 1000
1000 1000
1000 1000
1000 1000
1000 1000
1000 1000
1000 1000
1000 1000
1000 1000
1000 1000
1000 1000
1000 1000
1000 1000
1000 1000
1000 1000
1000 1000
1000 1000
1000 1000
1000 1000
1000 1000
1000 1000
1000 1000
1000 1000
1000 1000
1000 1000
1000 1000
1000 1000
1000 1000
1000 1000
1000 1000
1000 1000
1000 1000
1000 1000
1000 1000
1000 1000
1000 1000
1000 1000
1000 1000
1000 1000
1000 1000
1000 1000
1000 1000
1000 1000
1000 1000
1000 1000
1000 1000
1000 1000
1000 1000
1000 1000
1000 1000
1000 1000
1000 1000
1000 1000
1000 1000
1000 1000
1000 1000
1000 1000
1000 1000
1000 1000
1000 1000
1000 1000
1000 1000
1000 1000
1000 1000
1000 1000
1000 1000
1000 1000
1000 1000
1000 1000
1000 1000
1000 1000
1000 1000
1000 1000
1000 1000
1000 1000
1000 1000
1000 1000
1000 1000
1000 1000
1000 1000
1000 1000
1000 1000
1000 1000
1000 1000
1000 1000
1000 1000
1000 1000
1000 1000
1000 1000
1000 1000
1000 1000
1000 1000
1000 1000
1000 1000
1000 1000
1000 1000
1000 1000
1000 1000
1000 1000
1000 1000
1000 1000
1000 1000
1000 1000
1000 1000
1000 1000
1000 1000
1000 1000
1000 1000
1000 1000
1000 1000
1000 1000
1000 1000
1000 1000
1000 1000
1000 1000
1000 1000
1000 1000
1000 1000
1000 1000
1000 1000
1000 1000
1000 1000
1000 1000
1000 1000
1000 1000
1000 1000
1000 1000
1000 1000
1000 1000
1000 1000
1000 1000
1000 1000
1000 1000
1000 1000
1000 1000
1000 1000
1000 1000
1000 1000
1000 1000
1000 1000
1000 1000
1000 1000
1000 1000
1000 1000
1000 1000
1000 1000
1000 1000
1000 1000
1000 1000
1000 1000
1000 1000
1000 1000
1000 1000
1000 1000
1000 1000
1000 1000
1000 1000
1000 1000
1000 1000
1000 1000
1000 1000
1000 1000
1000 1000
1000 1000
1000 1000
1000 1000
1000 1000
1000 1000
1000 1000
1000 1000
1000 1000
1000 1000
1000 1000
1000 1000
1000 1000
1000 1000
1000 1000
1000 1000
1000 1000
1000 1000
1000 1000
1000 1000
1000 1000
1000 1000
1000 1000
1000 1000
1000 1000
1000 1000
1000 1000
1000 1000
1000 1000
1000 1000
1000 1000
1000 1000
1000 1000
1000 1000
1000 1000
1000 1000
1000 1000
1000 1000
1000 1000
1000 1000
1000 1000
1000 1000
1000 1000
1000 1000
1000 1000
1000 1000
1000 1000
1000 1000
1000 1000
1000 1000
1000 1000
1000 1000
1000 1000
1000 1000
1000 1000
1000 1000
1000 1000
1000 1000
1000 1000
1000 1000
1000 1000
1000 1000
1000 1000
1000 1000
1000 1000
1000 1000
1000 1000
1000 1000
1000 1000
1000 1000
1000 1000
1000 1000
1000 1000
1000 1000
1000 1000
1000 1000
1000 1000
1000 1000
1000 1000
1000 1000
1000 1000
1000 1000
1000 1000
1000 1000
1000 1000
1000 1000
1000 1000
1000 1000
1000 1000
1000 1000
1000 1000
1000 1000
1000 1000
1000 1000
1000 1000
1000 1000
1000 1000
1000 1000
1000 1000
1000 1000
1000 1000
1000 1000
1000 1000
1000 1000
1000 1000
1000 1000
1000 1000
1000 1000
1000 1000
1000 1000
1000 1000
1000 1000
1000 1000
1000 1000
1000 1000
1000 1000
1000 1000
1000 1000
1000 1000
1000 1000
1000 1000
1000 1000
1000 1000
1000 1000
1000 1000
1000 1000
1000 1000
1000 1000
1000 1000
1000 1000
1000 1000
1000 1000
1000 1000
1000 1000
1000 1000
1000 1000
1000 1000
1000 1000
1000 1000
1000 1000
1000 1000
1000 1000
1000 1000
1000 1000
1000 1000
1000 1000
1000 1000
1000 1000
1000 1000
1000 1000
1000 1000
1000 1000
1000 1000
1000 1000
1000 1000
1000 1000
1000 1000
1000 1000
1000 1000
1000 1000
1000 1000
1000 1000
1000 1000
1000 1000
1000 1000
1000 1000
1000 1000
1000 1000
1000 1000
1000 1000
1000 1000
1000 1000
1000 1000
1000 1000
1000 1000
1000 1000
1000 1000
1000 1000
1000 1000
1000 1000
1000 1000
1000 1000
1000 1000
1000 1000
1000 1000
1000 1000
1000 1000
1000 1000
1000 1000
1000 1000
1000 1000
1000 1000
1000 1000
1000 1000
1000 1000
1000 1000
1000 1000
1000 1000
1000 1000
1000 1000
1000 1000
1000 1000
1000 1000
1000 1000
1000 1000
1000 1000
1000 1000
1000 1000
1000 1000
1000 1000
1000 1000
1000 1000
1000 1000
1000 1000
1000 1000
1000 1000
1000 1000
1000 1000
1000 1000
1000 1000
1000 1000
1000 1000
1000 1000
1000 1000
1000 1000
1000 1000
1000 1000
1000 1000
1000 1000
1000 1000
1000 1000
1000 1000
1000 1000
1000 1000
1000 1000
1000 1000
1000 1000
1000 1000
1000 1000
1000 1000
1000 1000
1000 1000
1000 1000
1000 1000
1000 1000
1000 1000
1000 1000
1000 1000
1000 1000
1000 1000
1000 1000
1000 1000
1000 1000
1000 1000
1000 1000
1000 1000
1000 1000
1000 1000
1000 1000
1000 1000
1000 1000
1000 1000
1000 1000
1000 1000
1000 1000
1000 1000
1000 1000
1000 1000
1000 1000
1000 1000
1000 1000
1000 1000
1000 1000
1000 1000
1000 1000
1000 1000
1000 1000
1000 1000
1000 1000
1000 1000
1000 1000
1000 1000
1000 1000
1000 1000
1000 1000
1000 1000
1000 1000
1000 1000
1000 1000
1000 1000
1000 1000
1000 1000
1000 1000
1000 1000
1000 1000
1000 1000
1000 1000
1000 1000
1000 1000
1000 1000
1000 1000
1000 1000
1000 1000
1000 1000
1000 1000
1000 1000
1000 1000
1000 1000
1000 1000
1000 1000
1000 1000
1000 1000
1000 1000
1000 1000
1000 1000
1000 1000
1000 1000
1000 1000
1000 1000
1000 1000
1000 1000
1000 1000
1000 1000
1000 1000
1000 1000
1000 1000
1000 1000
1000 1000
1000 1000
1000 1000
1000 1000
1000 1000
1000 1000
1000 1000
1000 1000
1000 1000
1000 1000
1000 1000
1000 1000
1000 1000
1000 1000
1000 1000
1000 1000
1000 1000
1000 1000
1000 1000
1000 1000
1000 1000
1000 1000
1000 1000
1000 1000
1000 1000
1000 1000
1000 1000
1000 1000
1000 1000
1000 1000
1000 1000
1000 1000
1000 1000
1000 1000
1000 1000
1000 1000
1000 1000
1000 1000
1000 1000
1000 1000
1000 1000
1000 1000
1000 1000
1000 1000
1000 1000
1000 1000
1000 1000
1000 1000
1000 1000
1000 1000
1000 1000
1000 1000
1000 1000
1000 1000
1000 1000
1000 1000
1000 1000
1000 1000
1000 1000
1000 1000
1000 1000
1000 1000
1000 1000
1000 1000
1000 1000
1000 1000
1000 1000
1000 1000
1000 1000
1000 1000
1000 1000
1000 1000
1000 1000
1000 1000
1000 1000
1000 1000
1000 1000
1000 1000
1000 1000
1000 1000
1000 1000
1000 1000
1000 1000
1000 1000
1000 1000
1000 1000
1000 1000
1000 1000
1000 1000
1000 1000
1000 1000
1000 1000
1000 1000
1000 1000
1000 1000
1000 1000
1000 1000
1000 1000
1000 1000
1000 1000
1000 1000
1000 1000
1000 1000
1000 1000
1000 1000
1000 1000
1000 1000
1000 1000
1000 1000
1000 1000
1000 1000
1000 1000
1000 1000
1000 1000
1000 1000
1000 1000
1000 1000
1000 1000
1000 1000
1000 1000
1000 1000
1000 1000
1000 1000
1000 1000
1000 1000
1000 1000
1000 1000
1000 1000
1000 1000
1000 1000
1000 1000
1000 1000
1000 1000
1000 1000
1000 1000
1000 1000
1000 1000
1000 1000
1000 1000
1000 1000
1000 1000
1000 1000
1000 1000
1000 1000
1000 1000
1000 1000
1000 1000
1000 1000
1000 1000
1000 1000
1000 1000
1000 1000
1000 1000
1000 1000
1000 1000
1000 1000
1000 1000
1000 1000
1000 1000
1000 1000
1000 1000
1000 1000
1000 1000
1000 1000
1000 1000
1000 1000
1000 1000
1000 1000
1000 1000
1000 1000
1000 1000
1000 1000
1000 1000
1000 1000
1000 1000
1000 1000
1000 1000
1000 1000
1000 1000
1000 1000
1000 1000
1000 1000
1000 1000
1000 1000
1000 1000
1000 1000
1000 1000
1000 1000
1000 1000
1000 1000
1000 1000
1000 1000
1000 1000
1000 1000
1000 1000
1000 1000
1000 1000
1000 1000
1000 1000
1000 1000
1000 1000
1000 1000
1000 1000
1000 1000
1000 1000
1000 1000
1000 1000
1000 1000
1000 1000
1000 1000
1000 1000
1000 1000
1000 1000
1000 1000
1000 1000
1000 1000
1000 1000
1000 1000
1000 1000
1000 1000
1000 1000
1000 1000
1000 1000
1000 1000
1000 1000
1000 1000
1000 1000
1000 1000
1000 1000
1000 1000
1000 1000
1000 1000
1000 1000
1000 1000
1000 1000
1000 1000
1000 1000
1000 1000
1000 1000
1000 1000
1000 1000
1000 1000
1000 1000
1000 1000
1000 1000
1000 1000
1000 1000
1000 1000
1000 1000
1000 1000
1000 1000
1000 1000
1000 1000
1000 1000
1000 1000
1000 1000
1000 1000
