0 128.000000 47.000000 0.100000 0.110000 1
1 265.000000 41.000000 0.100000 0.140000 1
2 500.000000 39.000000 0.100000 0.150000 0
3 742.000000 39.000000 0.900000 0.020000 1
4 239.000000 41.000000 0.100000 0.100000 0
5 393.000000 34.000000 0.900000 0.120000 1
6 371.000000 33.000000 0.900000 0.010000 1
7 913.000000 31.000000 0.100000 0.040000 1
8 986.000000 44.000000 0.100000 0.140000 1
9 409.000000 30.000000 0.100000 0.020000 0
10 268.000000 31.000000 0.100000 0.180000 0
11 103.000000 49.000000 0.900000 0.190000 1
12 151.000000 34.000000 0.900000 0.150000 0
13 736.000000 35.000000 0.100000 0.080000 0
14 533.000000 32.000000 0.100000 0.120000 1
